surfa_______________:       0.0000000000     0.0000000000    21.8560000000
         0         3
       21.8560000000        0.0000000000        0.0000000000
        0.0000000000       21.8560000000        0.0000000000
        0.0000000000        0.0000000000       21.8560000000
CA                                                         1
      -10.4726666667      -10.4726666667      -10.4726666667
CA                                                         2
      -10.4726666667       -7.7406666667       -7.7406666667
CA                                                         3
       -7.7406666667      -10.4726666667       -7.7406666667
CA                                                         4
       -7.7406666667       -7.7406666667      -10.4726666667
CA                                                         5
      -10.4726666667      -10.4726666667       -5.0086666667
CA                                                         6
      -10.4726666667       -7.7406666667       -2.2766666667
CA                                                         7
       -7.7406666667      -10.4726666667       -2.2766666667
CA                                                         8
       -7.7406666667       -7.7406666667       -5.0086666667
CA                                                         9
      -10.4726666667      -10.4726666667        0.4553333333
CA                                                        10
      -10.4726666667       -7.7406666667        3.1873333333
CA                                                        11
       -7.7406666667      -10.4726666667        3.1873333333
CA                                                        12
       -7.7406666667       -7.7406666667        0.4553333333
CA                                                        13
      -10.4726666667      -10.4726666667        5.9193333333
CA                                                        14
      -10.4726666667       -7.7406666667        8.6513333333
CA                                                        15
       -7.7406666667      -10.4726666667        8.6513333333
CA                                                        16
       -7.7406666667       -7.7406666667        5.9193333333
CA                                                        17
      -10.4726666667       -5.0086666667      -10.4726666667
CA                                                        18
      -10.4726666667       -2.2766666667       -7.7406666667
CA                                                        19
       -7.7406666667       -5.0086666667       -7.7406666667
CA                                                        20
       -7.7406666667       -2.2766666667      -10.4726666667
CA                                                        21
      -10.4726666667       -5.0086666667       -5.0086666667
CA                                                        22
      -10.4726666667       -2.2766666667       -2.2766666667
CA                                                        23
       -7.7406666667       -5.0086666667       -2.2766666667
CA                                                        24
       -7.7406666667       -2.2766666667       -5.0086666667
CA                                                        25
      -10.4726666667       -5.0086666667        0.4553333333
CA                                                        26
      -10.4726666667       -2.2766666667        3.1873333333
CA                                                        27
       -7.7406666667       -5.0086666667        3.1873333333
CA                                                        28
       -7.7406666667       -2.2766666667        0.4553333333
CA                                                        29
      -10.4726666667       -5.0086666667        5.9193333333
CA                                                        30
      -10.4726666667       -2.2766666667        8.6513333333
CA                                                        31
       -7.7406666667       -5.0086666667        8.6513333333
CA                                                        32
       -7.7406666667       -2.2766666667        5.9193333333
CA                                                        33
      -10.4726666667        0.4553333333      -10.4726666667
CA                                                        34
      -10.4726666667        3.1873333333       -7.7406666667
CA                                                        35
       -7.7406666667        0.4553333333       -7.7406666667
CA                                                        36
       -7.7406666667        3.1873333333      -10.4726666667
CA                                                        37
      -10.4726666667        0.4553333333       -5.0086666667
CA                                                        38
      -10.4726666667        3.1873333333       -2.2766666667
CA                                                        39
       -7.7406666667        0.4553333333       -2.2766666667
CA                                                        40
       -7.7406666667        3.1873333333       -5.0086666667
CA                                                        41
      -10.4726666667        0.4553333333        0.4553333333
CA                                                        42
      -10.4726666667        3.1873333333        3.1873333333
CA                                                        43
       -7.7406666667        0.4553333333        3.1873333333
CA                                                        44
       -7.7406666667        3.1873333333        0.4553333333
CA                                                        45
      -10.4726666667        0.4553333333        5.9193333333
CA                                                        46
      -10.4726666667        3.1873333333        8.6513333333
CA                                                        47
       -7.7406666667        0.4553333333        8.6513333333
CA                                                        48
       -7.7406666667        3.1873333333        5.9193333333
CA                                                        49
      -10.4726666667        5.9193333333      -10.4726666667
CA                                                        50
      -10.4726666667        8.6513333333       -7.7406666667
CA                                                        51
       -7.7406666667        5.9193333333       -7.7406666667
CA                                                        52
       -7.7406666667        8.6513333333      -10.4726666667
CA                                                        53
      -10.4726666667        5.9193333333       -5.0086666667
CA                                                        54
      -10.4726666667        8.6513333333       -2.2766666667
CA                                                        55
       -7.7406666667        5.9193333333       -2.2766666667
CA                                                        56
       -7.7406666667        8.6513333333       -5.0086666667
CA                                                        57
      -10.4726666667        5.9193333333        0.4553333333
CA                                                        58
      -10.4726666667        8.6513333333        3.1873333333
CA                                                        59
       -7.7406666667        5.9193333333        3.1873333333
CA                                                        60
       -7.7406666667        8.6513333333        0.4553333333
CA                                                        61
      -10.4726666667        5.9193333333        5.9193333333
CA                                                        62
      -10.4726666667        8.6513333333        8.6513333333
CA                                                        63
       -7.7406666667        5.9193333333        8.6513333333
CA                                                        64
       -7.7406666667        8.6513333333        5.9193333333
CA                                                        65
       -5.0086666667      -10.4726666667      -10.4726666667
CA                                                        66
       -5.0086666667       -7.7406666667       -7.7406666667
CA                                                        67
       -2.2766666667      -10.4726666667       -7.7406666667
CA                                                        68
       -2.2766666667       -7.7406666667      -10.4726666667
CA                                                        69
       -5.0086666667      -10.4726666667       -5.0086666667
CA                                                        70
       -5.0086666667       -7.7406666667       -2.2766666667
CA                                                        71
       -2.2766666667      -10.4726666667       -2.2766666667
CA                                                        72
       -2.2766666667       -7.7406666667       -5.0086666667
CA                                                        73
       -5.0086666667      -10.4726666667        0.4553333333
CA                                                        74
       -5.0086666667       -7.7406666667        3.1873333333
CA                                                        75
       -2.2766666667      -10.4726666667        3.1873333333
CA                                                        76
       -2.2766666667       -7.7406666667        0.4553333333
CA                                                        77
       -5.0086666667      -10.4726666667        5.9193333333
CA                                                        78
       -5.0086666667       -7.7406666667        8.6513333333
CA                                                        79
       -2.2766666667      -10.4726666667        8.6513333333
CA                                                        80
       -2.2766666667       -7.7406666667        5.9193333333
CA                                                        81
       -5.0086666667       -5.0086666667      -10.4726666667
CA                                                        82
       -5.0086666667       -2.2766666667       -7.7406666667
CA                                                        83
       -2.2766666667       -5.0086666667       -7.7406666667
CA                                                        84
       -2.2766666667       -2.2766666667      -10.4726666667
CA                                                        85
       -5.0086666667       -5.0086666667       -5.0086666667
CA                                                        86
       -5.0086666667       -2.2766666667       -2.2766666667
CA                                                        87
       -2.2766666667       -5.0086666667       -2.2766666667
CA                                                        88
       -2.2766666667       -2.2766666667       -5.0086666667
CA                                                        89
       -5.0086666667       -5.0086666667        0.4553333333
CA                                                        90
       -5.0086666667       -2.2766666667        3.1873333333
CA                                                        91
       -2.2766666667       -5.0086666667        3.1873333333
CA                                                        92
       -2.2766666667       -2.2766666667        0.4553333333
CA                                                        93
       -5.0086666667       -5.0086666667        5.9193333333
CA                                                        94
       -5.0086666667       -2.2766666667        8.6513333333
CA                                                        95
       -2.2766666667       -5.0086666667        8.6513333333
CA                                                        96
       -2.2766666667       -2.2766666667        5.9193333333
CA                                                        97
       -5.0086666667        0.4553333333      -10.4726666667
CA                                                        98
       -5.0086666667        3.1873333333       -7.7406666667
CA                                                        99
       -2.2766666667        0.4553333333       -7.7406666667
CA                                                       100
       -2.2766666667        3.1873333333      -10.4726666667
CA                                                       101
       -5.0086666667        0.4553333333       -5.0086666667
CA                                                       102
       -5.0086666667        3.1873333333       -2.2766666667
CA                                                       103
       -2.2766666667        0.4553333333       -2.2766666667
CA                                                       104
       -2.2766666667        3.1873333333       -5.0086666667
CA                                                       105
       -5.0086666667        0.4553333333        0.4553333333
CA                                                       106
       -5.0086666667        3.1873333333        3.1873333333
CA                                                       107
       -2.2766666667        0.4553333333        3.1873333333
CA                                                       108
       -2.2766666667        3.1873333333        0.4553333333
CA                                                       109
       -5.0086666667        0.4553333333        5.9193333333
CA                                                       110
       -5.0086666667        3.1873333333        8.6513333333
CA                                                       111
       -2.2766666667        0.4553333333        8.6513333333
CA                                                       112
       -2.2766666667        3.1873333333        5.9193333333
CA                                                       113
       -5.0086666667        5.9193333333      -10.4726666667
CA                                                       114
       -5.0086666667        8.6513333333       -7.7406666667
CA                                                       115
       -2.2766666667        5.9193333333       -7.7406666667
CA                                                       116
       -2.2766666667        8.6513333333      -10.4726666667
CA                                                       117
       -5.0086666667        5.9193333333       -5.0086666667
CA                                                       118
       -5.0086666667        8.6513333333       -2.2766666667
CA                                                       119
       -2.2766666667        5.9193333333       -2.2766666667
CA                                                       120
       -2.2766666667        8.6513333333       -5.0086666667
CA                                                       121
       -5.0086666667        5.9193333333        0.4553333333
CA                                                       122
       -5.0086666667        8.6513333333        3.1873333333
CA                                                       123
       -2.2766666667        5.9193333333        3.1873333333
CA                                                       124
       -2.2766666667        8.6513333333        0.4553333333
CA                                                       125
       -5.0086666667        5.9193333333        5.9193333333
CA                                                       126
       -5.0086666667        8.6513333333        8.6513333333
CA                                                       127
       -2.2766666667        5.9193333333        8.6513333333
CA                                                       128
       -2.2766666667        8.6513333333        5.9193333333
CA                                                       129
        0.4553333333      -10.4726666667      -10.4726666667
CA                                                       130
        0.4553333333       -7.7406666667       -7.7406666667
CA                                                       131
        3.1873333333      -10.4726666667       -7.7406666667
CA                                                       132
        3.1873333333       -7.7406666667      -10.4726666667
CA                                                       133
        0.4553333333      -10.4726666667       -5.0086666667
CA                                                       134
        0.4553333333       -7.7406666667       -2.2766666667
CA                                                       135
        3.1873333333      -10.4726666667       -2.2766666667
CA                                                       136
        3.1873333333       -7.7406666667       -5.0086666667
CA                                                       137
        0.4553333333      -10.4726666667        0.4553333333
CA                                                       138
        0.4553333333       -7.7406666667        3.1873333333
CA                                                       139
        3.1873333333      -10.4726666667        3.1873333333
CA                                                       140
        3.1873333333       -7.7406666667        0.4553333333
CA                                                       141
        0.4553333333      -10.4726666667        5.9193333333
CA                                                       142
        0.4553333333       -7.7406666667        8.6513333333
CA                                                       143
        3.1873333333      -10.4726666667        8.6513333333
CA                                                       144
        3.1873333333       -7.7406666667        5.9193333333
CA                                                       145
        0.4553333333       -5.0086666667      -10.4726666667
CA                                                       146
        0.4553333333       -2.2766666667       -7.7406666667
CA                                                       147
        3.1873333333       -5.0086666667       -7.7406666667
CA                                                       148
        3.1873333333       -2.2766666667      -10.4726666667
CA                                                       149
        0.4553333333       -5.0086666667       -5.0086666667
CA                                                       150
        0.4553333333       -2.2766666667       -2.2766666667
CA                                                       151
        3.1873333333       -5.0086666667       -2.2766666667
CA                                                       152
        3.1873333333       -2.2766666667       -5.0086666667
CA                                                       153
        0.4553333333       -5.0086666667        0.4553333333
CA                                                       154
        0.4553333333       -2.2766666667        3.1873333333
CA                                                       155
        3.1873333333       -5.0086666667        3.1873333333
CA                                                       156
        3.1873333333       -2.2766666667        0.4553333333
CA                                                       157
        0.4553333333       -5.0086666667        5.9193333333
CA                                                       158
        0.4553333333       -2.2766666667        8.6513333333
CA                                                       159
        3.1873333333       -5.0086666667        8.6513333333
CA                                                       160
        3.1873333333       -2.2766666667        5.9193333333
CA                                                       161
        0.4553333333        0.4553333333      -10.4726666667
CA                                                       162
        0.4553333333        3.1873333333       -7.7406666667
CA                                                       163
        3.1873333333        0.4553333333       -7.7406666667
CA                                                       164
        3.1873333333        3.1873333333      -10.4726666667
CA                                                       165
        0.4553333333        0.4553333333       -5.0086666667
CA                                                       166
        0.4553333333        3.1873333333       -2.2766666667
CA                                                       167
        3.1873333333        0.4553333333       -2.2766666667
CA                                                       168
        3.1873333333        3.1873333333       -5.0086666667
CA                                                       169
        0.4553333333        0.4553333333        0.4553333333
CA                                                       170
        0.4553333333        3.1873333333        3.1873333333
CA                                                       171
        3.1873333333        0.4553333333        3.1873333333
CA                                                       172
        3.1873333333        3.1873333333        0.4553333333
CA                                                       173
        0.4553333333        0.4553333333        5.9193333333
CA                                                       174
        0.4553333333        3.1873333333        8.6513333333
CA                                                       175
        3.1873333333        0.4553333333        8.6513333333
CA                                                       176
        3.1873333333        3.1873333333        5.9193333333
CA                                                       177
        0.4553333333        5.9193333333      -10.4726666667
CA                                                       178
        0.4553333333        8.6513333333       -7.7406666667
CA                                                       179
        3.1873333333        5.9193333333       -7.7406666667
CA                                                       180
        3.1873333333        8.6513333333      -10.4726666667
CA                                                       181
        0.4553333333        5.9193333333       -5.0086666667
CA                                                       182
        0.4553333333        8.6513333333       -2.2766666667
CA                                                       183
        3.1873333333        5.9193333333       -2.2766666667
CA                                                       184
        3.1873333333        8.6513333333       -5.0086666667
CA                                                       185
        0.4553333333        5.9193333333        0.4553333333
CA                                                       186
        0.4553333333        8.6513333333        3.1873333333
CA                                                       187
        3.1873333333        5.9193333333        3.1873333333
CA                                                       188
        3.1873333333        8.6513333333        0.4553333333
CA                                                       189
        0.4553333333        5.9193333333        5.9193333333
CA                                                       190
        0.4553333333        8.6513333333        8.6513333333
CA                                                       191
        3.1873333333        5.9193333333        8.6513333333
CA                                                       192
        3.1873333333        8.6513333333        5.9193333333
CA                                                       193
        5.9193333333      -10.4726666667      -10.4726666667
CA                                                       194
        5.9193333333       -7.7406666667       -7.7406666667
CA                                                       195
        8.6513333333      -10.4726666667       -7.7406666667
CA                                                       196
        8.6513333333       -7.7406666667      -10.4726666667
CA                                                       197
        5.9193333333      -10.4726666667       -5.0086666667
CA                                                       198
        5.9193333333       -7.7406666667       -2.2766666667
CA                                                       199
        8.6513333333      -10.4726666667       -2.2766666667
CA                                                       200
        8.6513333333       -7.7406666667       -5.0086666667
CA                                                       201
        5.9193333333      -10.4726666667        0.4553333333
CA                                                       202
        5.9193333333       -7.7406666667        3.1873333333
CA                                                       203
        8.6513333333      -10.4726666667        3.1873333333
CA                                                       204
        8.6513333333       -7.7406666667        0.4553333333
CA                                                       205
        5.9193333333      -10.4726666667        5.9193333333
CA                                                       206
        5.9193333333       -7.7406666667        8.6513333333
CA                                                       207
        8.6513333333      -10.4726666667        8.6513333333
CA                                                       208
        8.6513333333       -7.7406666667        5.9193333333
CA                                                       209
        5.9193333333       -5.0086666667      -10.4726666667
CA                                                       210
        5.9193333333       -2.2766666667       -7.7406666667
CA                                                       211
        8.6513333333       -5.0086666667       -7.7406666667
CA                                                       212
        8.6513333333       -2.2766666667      -10.4726666667
CA                                                       213
        5.9193333333       -5.0086666667       -5.0086666667
CA                                                       214
        5.9193333333       -2.2766666667       -2.2766666667
CA                                                       215
        8.6513333333       -5.0086666667       -2.2766666667
CA                                                       216
        8.6513333333       -2.2766666667       -5.0086666667
CA                                                       217
        5.9193333333       -5.0086666667        0.4553333333
CA                                                       218
        5.9193333333       -2.2766666667        3.1873333333
CA                                                       219
        8.6513333333       -5.0086666667        3.1873333333
CA                                                       220
        8.6513333333       -2.2766666667        0.4553333333
CA                                                       221
        5.9193333333       -5.0086666667        5.9193333333
CA                                                       222
        5.9193333333       -2.2766666667        8.6513333333
CA                                                       223
        8.6513333333       -5.0086666667        8.6513333333
CA                                                       224
        8.6513333333       -2.2766666667        5.9193333333
CA                                                       225
        5.9193333333        0.4553333333      -10.4726666667
CA                                                       226
        5.9193333333        3.1873333333       -7.7406666667
CA                                                       227
        8.6513333333        0.4553333333       -7.7406666667
CA                                                       228
        8.6513333333        3.1873333333      -10.4726666667
CA                                                       229
        5.9193333333        0.4553333333       -5.0086666667
CA                                                       230
        5.9193333333        3.1873333333       -2.2766666667
CA                                                       231
        8.6513333333        0.4553333333       -2.2766666667
CA                                                       232
        8.6513333333        3.1873333333       -5.0086666667
CA                                                       233
        5.9193333333        0.4553333333        0.4553333333
CA                                                       234
        5.9193333333        3.1873333333        3.1873333333
CA                                                       235
        8.6513333333        0.4553333333        3.1873333333
CA                                                       236
        8.6513333333        3.1873333333        0.4553333333
CA                                                       237
        5.9193333333        0.4553333333        5.9193333333
CA                                                       238
        5.9193333333        3.1873333333        8.6513333333
CA                                                       239
        8.6513333333        0.4553333333        8.6513333333
CA                                                       240
        8.6513333333        3.1873333333        5.9193333333
CA                                                       241
        5.9193333333        5.9193333333      -10.4726666667
CA                                                       242
        5.9193333333        8.6513333333       -7.7406666667
CA                                                       243
        8.6513333333        5.9193333333       -7.7406666667
CA                                                       244
        8.6513333333        8.6513333333      -10.4726666667
CA                                                       245
        5.9193333333        5.9193333333       -5.0086666667
CA                                                       246
        5.9193333333        8.6513333333       -2.2766666667
CA                                                       247
        8.6513333333        5.9193333333       -2.2766666667
CA                                                       248
        8.6513333333        8.6513333333       -5.0086666667
CA                                                       249
        5.9193333333        5.9193333333        0.4553333333
CA                                                       250
        5.9193333333        8.6513333333        3.1873333333
CA                                                       251
        8.6513333333        5.9193333333        3.1873333333
CA                                                       252
        8.6513333333        8.6513333333        0.4553333333
CA                                                       253
        5.9193333333        5.9193333333        5.9193333333
CA                                                       254
        5.9193333333        8.6513333333        8.6513333333
CA                                                       255
        8.6513333333        5.9193333333        8.6513333333
CA                                                       256
        8.6513333333        8.6513333333        5.9193333333
F                                                        257
       -3.6426666667       -3.6426666667       -3.6426666667
F                                                        258
       -0.9106666667       -0.9106666667       -3.6426666667
F                                                        259
       -0.9106666667       -3.6426666667       -0.9106666667
F                                                        260
       -3.6426666667       -3.6426666667       -0.9106666667
F                                                        261
       -0.9106666667       -0.9106666667       -0.9106666667
F                                                        262
       -3.6426666667       -0.9106666667       -0.9106666667
F                                                        263
       -0.9106666667       -3.6426666667       -3.6426666667
F                                                        264
       -3.6426666667       -0.9106666667       -3.6426666667
F                                                        265
       -9.1066666667       -3.6426666667        7.2853333333
F                                                        266
       -6.3746666667       -0.9106666667        7.2853333333
F                                                        267
       -6.3746666667       -3.6426666667       10.0173333333
F                                                        268
       -9.1066666667       -3.6426666667       10.0173333333
F                                                        269
       -3.6426666667       -3.6426666667        1.8213333333
F                                                        270
       -0.9106666667       -0.9106666667        1.8213333333
F                                                        271
       -0.9106666667       -3.6426666667        4.5533333333
F                                                        272
       -3.6426666667       -3.6426666667        4.5533333333
F                                                        273
       -0.9106666667       -0.9106666667        4.5533333333
F                                                        274
       -3.6426666667       -0.9106666667        4.5533333333
F                                                        275
       -0.9106666667       -3.6426666667        1.8213333333
F                                                        276
       -3.6426666667       -0.9106666667        1.8213333333
F                                                        277
       -6.3746666667       -0.9106666667       10.0173333333
F                                                        278
       -9.1066666667       -0.9106666667       10.0173333333
F                                                        279
       -6.3746666667       -3.6426666667        7.2853333333
F                                                        280
       -9.1066666667       -0.9106666667        7.2853333333
F                                                        281
       -3.6426666667       -3.6426666667        7.2853333333
F                                                        282
       -0.9106666667       -0.9106666667        7.2853333333
F                                                        283
       -0.9106666667       -3.6426666667       10.0173333333
F                                                        284
       -3.6426666667       -3.6426666667       10.0173333333
F                                                        285
       -0.9106666667       -0.9106666667       10.0173333333
F                                                        286
       -3.6426666667       -0.9106666667       10.0173333333
F                                                        287
       -0.9106666667       -3.6426666667        7.2853333333
F                                                        288
       -3.6426666667       -0.9106666667        7.2853333333
F                                                        289
       -6.3746666667       -6.3746666667        4.5533333333
F                                                        290
       -9.1066666667       -6.3746666667        4.5533333333
F                                                        291
       -6.3746666667       -9.1066666667        1.8213333333
F                                                        292
       -9.1066666667       -6.3746666667        1.8213333333
F                                                        293
       -3.6426666667        1.8213333333       -9.1066666667
F                                                        294
       -0.9106666667        4.5533333333       -9.1066666667
F                                                        295
       -0.9106666667        1.8213333333       -6.3746666667
F                                                        296
       -3.6426666667        1.8213333333       -6.3746666667
F                                                        297
       -0.9106666667        4.5533333333       -6.3746666667
F                                                        298
       -3.6426666667        4.5533333333       -6.3746666667
F                                                        299
       -0.9106666667        1.8213333333       -9.1066666667
F                                                        300
       -3.6426666667        4.5533333333       -9.1066666667
F                                                        301
       -9.1066666667        1.8213333333       -9.1066666667
F                                                        302
       -6.3746666667        4.5533333333       -9.1066666667
F                                                        303
       -6.3746666667        1.8213333333       -6.3746666667
F                                                        304
       -9.1066666667        1.8213333333       -6.3746666667
F                                                        305
       -3.6426666667        1.8213333333       -3.6426666667
F                                                        306
       -0.9106666667        4.5533333333       -3.6426666667
F                                                        307
       -0.9106666667        1.8213333333       -0.9106666667
F                                                        308
       -3.6426666667        1.8213333333       -0.9106666667
F                                                        309
       -0.9106666667        4.5533333333       -0.9106666667
F                                                        310
       -3.6426666667        4.5533333333       -0.9106666667
F                                                        311
       -0.9106666667        1.8213333333       -3.6426666667
F                                                        312
       -3.6426666667        4.5533333333       -3.6426666667
F                                                        313
       -6.3746666667        4.5533333333       -6.3746666667
F                                                        314
       -9.1066666667        4.5533333333       -6.3746666667
F                                                        315
       -6.3746666667        1.8213333333       -9.1066666667
F                                                        316
       -9.1066666667        4.5533333333       -9.1066666667
F                                                        317
       -3.6426666667        1.8213333333        1.8213333333
F                                                        318
       -0.9106666667        4.5533333333        1.8213333333
F                                                        319
       -0.9106666667        1.8213333333        4.5533333333
F                                                        320
       -3.6426666667        1.8213333333        4.5533333333
F                                                        321
       -0.9106666667        4.5533333333        4.5533333333
F                                                        322
       -3.6426666667        4.5533333333        4.5533333333
F                                                        323
       -0.9106666667        1.8213333333        1.8213333333
F                                                        324
       -3.6426666667        4.5533333333        1.8213333333
F                                                        325
       -9.1066666667       -9.1066666667       -9.1066666667
F                                                        326
       -6.3746666667       -6.3746666667       -9.1066666667
F                                                        327
       -6.3746666667       -9.1066666667       -6.3746666667
F                                                        328
       -9.1066666667       -9.1066666667       -6.3746666667
F                                                        329
       -3.6426666667        1.8213333333        7.2853333333
F                                                        330
       -0.9106666667        4.5533333333        7.2853333333
F                                                        331
       -0.9106666667        1.8213333333       10.0173333333
F                                                        332
       -3.6426666667        1.8213333333       10.0173333333
F                                                        333
       -0.9106666667        4.5533333333       10.0173333333
F                                                        334
       -3.6426666667        4.5533333333       10.0173333333
F                                                        335
       -0.9106666667        1.8213333333        7.2853333333
F                                                        336
       -3.6426666667        4.5533333333        7.2853333333
F                                                        337
       -9.1066666667        1.8213333333       -3.6426666667
F                                                        338
       -6.3746666667        4.5533333333       -3.6426666667
F                                                        339
       -6.3746666667        1.8213333333       -0.9106666667
F                                                        340
       -9.1066666667        1.8213333333       -0.9106666667
F                                                        341
       -3.6426666667        7.2853333333       -9.1066666667
F                                                        342
       -0.9106666667       10.0173333333       -9.1066666667
F                                                        343
       -0.9106666667        7.2853333333       -6.3746666667
F                                                        344
       -3.6426666667        7.2853333333       -6.3746666667
F                                                        345
       -0.9106666667       10.0173333333       -6.3746666667
F                                                        346
       -3.6426666667       10.0173333333       -6.3746666667
F                                                        347
       -0.9106666667        7.2853333333       -9.1066666667
F                                                        348
       -3.6426666667       10.0173333333       -9.1066666667
F                                                        349
       -6.3746666667        4.5533333333       -0.9106666667
F                                                        350
       -9.1066666667        4.5533333333       -0.9106666667
F                                                        351
       -6.3746666667        1.8213333333       -3.6426666667
F                                                        352
       -9.1066666667        4.5533333333       -3.6426666667
F                                                        353
       -3.6426666667        7.2853333333       -3.6426666667
F                                                        354
       -0.9106666667       10.0173333333       -3.6426666667
F                                                        355
       -0.9106666667        7.2853333333       -0.9106666667
F                                                        356
       -3.6426666667        7.2853333333       -0.9106666667
F                                                        357
       -0.9106666667       10.0173333333       -0.9106666667
F                                                        358
       -3.6426666667       10.0173333333       -0.9106666667
F                                                        359
       -0.9106666667        7.2853333333       -3.6426666667
F                                                        360
       -3.6426666667       10.0173333333       -3.6426666667
F                                                        361
       -9.1066666667       -9.1066666667        7.2853333333
F                                                        362
       -6.3746666667       -6.3746666667        7.2853333333
F                                                        363
       -6.3746666667       -9.1066666667       10.0173333333
F                                                        364
       -9.1066666667       -9.1066666667       10.0173333333
F                                                        365
       -3.6426666667        7.2853333333        1.8213333333
F                                                        366
       -0.9106666667       10.0173333333        1.8213333333
F                                                        367
       -0.9106666667        7.2853333333        4.5533333333
F                                                        368
       -3.6426666667        7.2853333333        4.5533333333
F                                                        369
       -0.9106666667       10.0173333333        4.5533333333
F                                                        370
       -3.6426666667       10.0173333333        4.5533333333
F                                                        371
       -0.9106666667        7.2853333333        1.8213333333
F                                                        372
       -3.6426666667       10.0173333333        1.8213333333
F                                                        373
       -9.1066666667        1.8213333333        1.8213333333
F                                                        374
       -6.3746666667        4.5533333333        1.8213333333
F                                                        375
       -6.3746666667        1.8213333333        4.5533333333
F                                                        376
       -9.1066666667        1.8213333333        4.5533333333
F                                                        377
       -3.6426666667        7.2853333333        7.2853333333
F                                                        378
       -0.9106666667       10.0173333333        7.2853333333
F                                                        379
       -0.9106666667        7.2853333333       10.0173333333
F                                                        380
       -3.6426666667        7.2853333333       10.0173333333
F                                                        381
       -0.9106666667       10.0173333333       10.0173333333
F                                                        382
       -3.6426666667       10.0173333333       10.0173333333
F                                                        383
       -0.9106666667        7.2853333333        7.2853333333
F                                                        384
       -3.6426666667       10.0173333333        7.2853333333
F                                                        385
       -6.3746666667        4.5533333333        4.5533333333
F                                                        386
       -9.1066666667        4.5533333333        4.5533333333
F                                                        387
       -6.3746666667        1.8213333333        1.8213333333
F                                                        388
       -9.1066666667        4.5533333333        1.8213333333
F                                                        389
        1.8213333333       -9.1066666667       -9.1066666667
F                                                        390
        4.5533333333       -6.3746666667       -9.1066666667
F                                                        391
        4.5533333333       -9.1066666667       -6.3746666667
F                                                        392
        1.8213333333       -9.1066666667       -6.3746666667
F                                                        393
        4.5533333333       -6.3746666667       -6.3746666667
F                                                        394
        1.8213333333       -6.3746666667       -6.3746666667
F                                                        395
        4.5533333333       -9.1066666667       -9.1066666667
F                                                        396
        1.8213333333       -6.3746666667       -9.1066666667
F                                                        397
       -6.3746666667       -6.3746666667       10.0173333333
F                                                        398
       -9.1066666667       -6.3746666667       10.0173333333
F                                                        399
       -6.3746666667       -9.1066666667        7.2853333333
F                                                        400
       -9.1066666667       -6.3746666667        7.2853333333
F                                                        401
        1.8213333333       -9.1066666667       -3.6426666667
F                                                        402
        4.5533333333       -6.3746666667       -3.6426666667
F                                                        403
        4.5533333333       -9.1066666667       -0.9106666667
F                                                        404
        1.8213333333       -9.1066666667       -0.9106666667
F                                                        405
        4.5533333333       -6.3746666667       -0.9106666667
F                                                        406
        1.8213333333       -6.3746666667       -0.9106666667
F                                                        407
        4.5533333333       -9.1066666667       -3.6426666667
F                                                        408
        1.8213333333       -6.3746666667       -3.6426666667
F                                                        409
       -9.1066666667        1.8213333333        7.2853333333
F                                                        410
       -6.3746666667        4.5533333333        7.2853333333
F                                                        411
       -6.3746666667        1.8213333333       10.0173333333
F                                                        412
       -9.1066666667        1.8213333333       10.0173333333
F                                                        413
        1.8213333333       -9.1066666667        1.8213333333
F                                                        414
        4.5533333333       -6.3746666667        1.8213333333
F                                                        415
        4.5533333333       -9.1066666667        4.5533333333
F                                                        416
        1.8213333333       -9.1066666667        4.5533333333
F                                                        417
        4.5533333333       -6.3746666667        4.5533333333
F                                                        418
        1.8213333333       -6.3746666667        4.5533333333
F                                                        419
        4.5533333333       -9.1066666667        1.8213333333
F                                                        420
        1.8213333333       -6.3746666667        1.8213333333
F                                                        421
       -6.3746666667        4.5533333333       10.0173333333
F                                                        422
       -9.1066666667        4.5533333333       10.0173333333
F                                                        423
       -6.3746666667        1.8213333333        7.2853333333
F                                                        424
       -9.1066666667        4.5533333333        7.2853333333
F                                                        425
        1.8213333333       -9.1066666667        7.2853333333
F                                                        426
        4.5533333333       -6.3746666667        7.2853333333
F                                                        427
        4.5533333333       -9.1066666667       10.0173333333
F                                                        428
        1.8213333333       -9.1066666667       10.0173333333
F                                                        429
        4.5533333333       -6.3746666667       10.0173333333
F                                                        430
        1.8213333333       -6.3746666667       10.0173333333
F                                                        431
        4.5533333333       -9.1066666667        7.2853333333
F                                                        432
        1.8213333333       -6.3746666667        7.2853333333
F                                                        433
       -9.1066666667       -9.1066666667       -3.6426666667
F                                                        434
       -6.3746666667       -6.3746666667       -3.6426666667
F                                                        435
       -6.3746666667       -9.1066666667       -0.9106666667
F                                                        436
       -9.1066666667       -9.1066666667       -0.9106666667
F                                                        437
        1.8213333333       -3.6426666667       -9.1066666667
F                                                        438
        4.5533333333       -0.9106666667       -9.1066666667
F                                                        439
        4.5533333333       -3.6426666667       -6.3746666667
F                                                        440
        1.8213333333       -3.6426666667       -6.3746666667
F                                                        441
        4.5533333333       -0.9106666667       -6.3746666667
F                                                        442
        1.8213333333       -0.9106666667       -6.3746666667
F                                                        443
        4.5533333333       -3.6426666667       -9.1066666667
F                                                        444
        1.8213333333       -0.9106666667       -9.1066666667
F                                                        445
       -9.1066666667        7.2853333333       -9.1066666667
F                                                        446
       -6.3746666667       10.0173333333       -9.1066666667
F                                                        447
       -6.3746666667        7.2853333333       -6.3746666667
F                                                        448
       -9.1066666667        7.2853333333       -6.3746666667
F                                                        449
        1.8213333333       -3.6426666667       -3.6426666667
F                                                        450
        4.5533333333       -0.9106666667       -3.6426666667
F                                                        451
        4.5533333333       -3.6426666667       -0.9106666667
F                                                        452
        1.8213333333       -3.6426666667       -0.9106666667
F                                                        453
        4.5533333333       -0.9106666667       -0.9106666667
F                                                        454
        1.8213333333       -0.9106666667       -0.9106666667
F                                                        455
        4.5533333333       -3.6426666667       -3.6426666667
F                                                        456
        1.8213333333       -0.9106666667       -3.6426666667
F                                                        457
       -6.3746666667       10.0173333333       -6.3746666667
F                                                        458
       -9.1066666667       10.0173333333       -6.3746666667
F                                                        459
       -6.3746666667        7.2853333333       -9.1066666667
F                                                        460
       -9.1066666667       10.0173333333       -9.1066666667
F                                                        461
        1.8213333333       -3.6426666667        1.8213333333
F                                                        462
        4.5533333333       -0.9106666667        1.8213333333
F                                                        463
        4.5533333333       -3.6426666667        4.5533333333
F                                                        464
        1.8213333333       -3.6426666667        4.5533333333
F                                                        465
        4.5533333333       -0.9106666667        4.5533333333
F                                                        466
        1.8213333333       -0.9106666667        4.5533333333
F                                                        467
        4.5533333333       -3.6426666667        1.8213333333
F                                                        468
        1.8213333333       -0.9106666667        1.8213333333
F                                                        469
       -9.1066666667       -3.6426666667       -9.1066666667
F                                                        470
       -6.3746666667       -0.9106666667       -9.1066666667
F                                                        471
       -6.3746666667       -3.6426666667       -6.3746666667
F                                                        472
       -9.1066666667       -3.6426666667       -6.3746666667
F                                                        473
        1.8213333333       -3.6426666667        7.2853333333
F                                                        474
        4.5533333333       -0.9106666667        7.2853333333
F                                                        475
        4.5533333333       -3.6426666667       10.0173333333
F                                                        476
        1.8213333333       -3.6426666667       10.0173333333
F                                                        477
        4.5533333333       -0.9106666667       10.0173333333
F                                                        478
        1.8213333333       -0.9106666667       10.0173333333
F                                                        479
        4.5533333333       -3.6426666667        7.2853333333
F                                                        480
        1.8213333333       -0.9106666667        7.2853333333
F                                                        481
       -9.1066666667        7.2853333333       -3.6426666667
F                                                        482
       -6.3746666667       10.0173333333       -3.6426666667
F                                                        483
       -6.3746666667        7.2853333333       -0.9106666667
F                                                        484
       -9.1066666667        7.2853333333       -0.9106666667
F                                                        485
        1.8213333333        1.8213333333       -9.1066666667
F                                                        486
        4.5533333333        4.5533333333       -9.1066666667
F                                                        487
        4.5533333333        1.8213333333       -6.3746666667
F                                                        488
        1.8213333333        1.8213333333       -6.3746666667
F                                                        489
        4.5533333333        4.5533333333       -6.3746666667
F                                                        490
        1.8213333333        4.5533333333       -6.3746666667
F                                                        491
        4.5533333333        1.8213333333       -9.1066666667
F                                                        492
        1.8213333333        4.5533333333       -9.1066666667
F                                                        493
       -6.3746666667       10.0173333333       -0.9106666667
F                                                        494
       -9.1066666667       10.0173333333       -0.9106666667
F                                                        495
       -6.3746666667        7.2853333333       -3.6426666667
F                                                        496
       -9.1066666667       10.0173333333       -3.6426666667
F                                                        497
        1.8213333333        1.8213333333       -3.6426666667
F                                                        498
        4.5533333333        4.5533333333       -3.6426666667
F                                                        499
        4.5533333333        1.8213333333       -0.9106666667
F                                                        500
        1.8213333333        1.8213333333       -0.9106666667
F                                                        501
        4.5533333333        4.5533333333       -0.9106666667
F                                                        502
        1.8213333333        4.5533333333       -0.9106666667
F                                                        503
        4.5533333333        1.8213333333       -3.6426666667
F                                                        504
        1.8213333333        4.5533333333       -3.6426666667
F                                                        505
       -6.3746666667       -0.9106666667       -6.3746666667
F                                                        506
       -9.1066666667       -0.9106666667       -6.3746666667
F                                                        507
       -6.3746666667       -3.6426666667       -9.1066666667
F                                                        508
       -9.1066666667       -0.9106666667       -9.1066666667
F                                                        509
        1.8213333333        1.8213333333        1.8213333333
F                                                        510
        4.5533333333        4.5533333333        1.8213333333
F                                                        511
        4.5533333333        1.8213333333        4.5533333333
F                                                        512
        1.8213333333        1.8213333333        4.5533333333
F                                                        513
        4.5533333333        4.5533333333        4.5533333333
F                                                        514
        1.8213333333        4.5533333333        4.5533333333
F                                                        515
        4.5533333333        1.8213333333        1.8213333333
F                                                        516
        1.8213333333        4.5533333333        1.8213333333
F                                                        517
       -9.1066666667        7.2853333333        1.8213333333
F                                                        518
       -6.3746666667       10.0173333333        1.8213333333
F                                                        519
       -6.3746666667        7.2853333333        4.5533333333
F                                                        520
       -9.1066666667        7.2853333333        4.5533333333
F                                                        521
        1.8213333333        1.8213333333        7.2853333333
F                                                        522
        4.5533333333        4.5533333333        7.2853333333
F                                                        523
        4.5533333333        1.8213333333       10.0173333333
F                                                        524
        1.8213333333        1.8213333333       10.0173333333
F                                                        525
        4.5533333333        4.5533333333       10.0173333333
F                                                        526
        1.8213333333        4.5533333333       10.0173333333
F                                                        527
        4.5533333333        1.8213333333        7.2853333333
F                                                        528
        1.8213333333        4.5533333333        7.2853333333
F                                                        529
       -6.3746666667       10.0173333333        4.5533333333
F                                                        530
       -9.1066666667       10.0173333333        4.5533333333
F                                                        531
       -6.3746666667        7.2853333333        1.8213333333
F                                                        532
       -9.1066666667       10.0173333333        1.8213333333
F                                                        533
        1.8213333333        7.2853333333       -9.1066666667
F                                                        534
        4.5533333333       10.0173333333       -9.1066666667
F                                                        535
        4.5533333333        7.2853333333       -6.3746666667
F                                                        536
        1.8213333333        7.2853333333       -6.3746666667
F                                                        537
        4.5533333333       10.0173333333       -6.3746666667
F                                                        538
        1.8213333333       10.0173333333       -6.3746666667
F                                                        539
        4.5533333333        7.2853333333       -9.1066666667
F                                                        540
        1.8213333333       10.0173333333       -9.1066666667
F                                                        541
       -6.3746666667       -6.3746666667       -0.9106666667
F                                                        542
       -9.1066666667       -6.3746666667       -0.9106666667
F                                                        543
       -6.3746666667       -9.1066666667       -3.6426666667
F                                                        544
       -9.1066666667       -6.3746666667       -3.6426666667
F                                                        545
        1.8213333333        7.2853333333       -3.6426666667
F                                                        546
        4.5533333333       10.0173333333       -3.6426666667
F                                                        547
        4.5533333333        7.2853333333       -0.9106666667
F                                                        548
        1.8213333333        7.2853333333       -0.9106666667
F                                                        549
        4.5533333333       10.0173333333       -0.9106666667
F                                                        550
        1.8213333333       10.0173333333       -0.9106666667
F                                                        551
        4.5533333333        7.2853333333       -3.6426666667
F                                                        552
        1.8213333333       10.0173333333       -3.6426666667
F                                                        553
       -9.1066666667        7.2853333333        7.2853333333
F                                                        554
       -6.3746666667       10.0173333333        7.2853333333
F                                                        555
       -6.3746666667        7.2853333333       10.0173333333
F                                                        556
       -9.1066666667        7.2853333333       10.0173333333
F                                                        557
        1.8213333333        7.2853333333        1.8213333333
F                                                        558
        4.5533333333       10.0173333333        1.8213333333
F                                                        559
        4.5533333333        7.2853333333        4.5533333333
F                                                        560
        1.8213333333        7.2853333333        4.5533333333
F                                                        561
        4.5533333333       10.0173333333        4.5533333333
F                                                        562
        1.8213333333       10.0173333333        4.5533333333
F                                                        563
        4.5533333333        7.2853333333        1.8213333333
F                                                        564
        1.8213333333       10.0173333333        1.8213333333
F                                                        565
       -6.3746666667       10.0173333333       10.0173333333
F                                                        566
       -9.1066666667       10.0173333333       10.0173333333
F                                                        567
       -6.3746666667        7.2853333333        7.2853333333
F                                                        568
       -9.1066666667       10.0173333333        7.2853333333
F                                                        569
        1.8213333333        7.2853333333        7.2853333333
F                                                        570
        4.5533333333       10.0173333333        7.2853333333
F                                                        571
        4.5533333333        7.2853333333       10.0173333333
F                                                        572
        1.8213333333        7.2853333333       10.0173333333
F                                                        573
        4.5533333333       10.0173333333       10.0173333333
F                                                        574
        1.8213333333       10.0173333333       10.0173333333
F                                                        575
        4.5533333333        7.2853333333        7.2853333333
F                                                        576
        1.8213333333       10.0173333333        7.2853333333
F                                                        577
       -9.1066666667       -3.6426666667       -3.6426666667
F                                                        578
       -6.3746666667       -0.9106666667       -3.6426666667
F                                                        579
       -6.3746666667       -3.6426666667       -0.9106666667
F                                                        580
       -9.1066666667       -3.6426666667       -0.9106666667
F                                                        581
        7.2853333333       -9.1066666667       -9.1066666667
F                                                        582
       10.0173333333       -6.3746666667       -9.1066666667
F                                                        583
       10.0173333333       -9.1066666667       -6.3746666667
F                                                        584
        7.2853333333       -9.1066666667       -6.3746666667
F                                                        585
       10.0173333333       -6.3746666667       -6.3746666667
F                                                        586
        7.2853333333       -6.3746666667       -6.3746666667
F                                                        587
       10.0173333333       -9.1066666667       -9.1066666667
F                                                        588
        7.2853333333       -6.3746666667       -9.1066666667
F                                                        589
       -3.6426666667       -9.1066666667       -9.1066666667
F                                                        590
       -0.9106666667       -6.3746666667       -9.1066666667
F                                                        591
       -0.9106666667       -9.1066666667       -6.3746666667
F                                                        592
       -3.6426666667       -9.1066666667       -6.3746666667
F                                                        593
        7.2853333333       -9.1066666667       -3.6426666667
F                                                        594
       10.0173333333       -6.3746666667       -3.6426666667
F                                                        595
       10.0173333333       -9.1066666667       -0.9106666667
F                                                        596
        7.2853333333       -9.1066666667       -0.9106666667
F                                                        597
       10.0173333333       -6.3746666667       -0.9106666667
F                                                        598
        7.2853333333       -6.3746666667       -0.9106666667
F                                                        599
       10.0173333333       -9.1066666667       -3.6426666667
F                                                        600
        7.2853333333       -6.3746666667       -3.6426666667
F                                                        601
       -0.9106666667       -6.3746666667       -6.3746666667
F                                                        602
       -3.6426666667       -6.3746666667       -6.3746666667
F                                                        603
       -0.9106666667       -9.1066666667       -9.1066666667
F                                                        604
       -3.6426666667       -6.3746666667       -9.1066666667
F                                                        605
        7.2853333333       -9.1066666667        1.8213333333
F                                                        606
       10.0173333333       -6.3746666667        1.8213333333
F                                                        607
       10.0173333333       -9.1066666667        4.5533333333
F                                                        608
        7.2853333333       -9.1066666667        4.5533333333
F                                                        609
       10.0173333333       -6.3746666667        4.5533333333
F                                                        610
        7.2853333333       -6.3746666667        4.5533333333
F                                                        611
       10.0173333333       -9.1066666667        1.8213333333
F                                                        612
        7.2853333333       -6.3746666667        1.8213333333
F                                                        613
       -6.3746666667       -0.9106666667       -0.9106666667
F                                                        614
       -9.1066666667       -0.9106666667       -0.9106666667
F                                                        615
       -6.3746666667       -3.6426666667       -3.6426666667
F                                                        616
       -9.1066666667       -0.9106666667       -3.6426666667
F                                                        617
        7.2853333333       -9.1066666667        7.2853333333
F                                                        618
       10.0173333333       -6.3746666667        7.2853333333
F                                                        619
       10.0173333333       -9.1066666667       10.0173333333
F                                                        620
        7.2853333333       -9.1066666667       10.0173333333
F                                                        621
       10.0173333333       -6.3746666667       10.0173333333
F                                                        622
        7.2853333333       -6.3746666667       10.0173333333
F                                                        623
       10.0173333333       -9.1066666667        7.2853333333
F                                                        624
        7.2853333333       -6.3746666667        7.2853333333
F                                                        625
       -3.6426666667       -9.1066666667       -3.6426666667
F                                                        626
       -0.9106666667       -6.3746666667       -3.6426666667
F                                                        627
       -0.9106666667       -9.1066666667       -0.9106666667
F                                                        628
       -3.6426666667       -9.1066666667       -0.9106666667
F                                                        629
        7.2853333333       -3.6426666667       -9.1066666667
F                                                        630
       10.0173333333       -0.9106666667       -9.1066666667
F                                                        631
       10.0173333333       -3.6426666667       -6.3746666667
F                                                        632
        7.2853333333       -3.6426666667       -6.3746666667
F                                                        633
       10.0173333333       -0.9106666667       -6.3746666667
F                                                        634
        7.2853333333       -0.9106666667       -6.3746666667
F                                                        635
       10.0173333333       -3.6426666667       -9.1066666667
F                                                        636
        7.2853333333       -0.9106666667       -9.1066666667
F                                                        637
       -0.9106666667       -6.3746666667       -0.9106666667
F                                                        638
       -3.6426666667       -6.3746666667       -0.9106666667
F                                                        639
       -0.9106666667       -9.1066666667       -3.6426666667
F                                                        640
       -3.6426666667       -6.3746666667       -3.6426666667
F                                                        641
        7.2853333333       -3.6426666667       -3.6426666667
F                                                        642
       10.0173333333       -0.9106666667       -3.6426666667
F                                                        643
       10.0173333333       -3.6426666667       -0.9106666667
F                                                        644
        7.2853333333       -3.6426666667       -0.9106666667
F                                                        645
       10.0173333333       -0.9106666667       -0.9106666667
F                                                        646
        7.2853333333       -0.9106666667       -0.9106666667
F                                                        647
       10.0173333333       -3.6426666667       -3.6426666667
F                                                        648
        7.2853333333       -0.9106666667       -3.6426666667
F                                                        649
       -6.3746666667       -6.3746666667       -6.3746666667
F                                                        650
       -9.1066666667       -6.3746666667       -6.3746666667
F                                                        651
       -6.3746666667       -9.1066666667       -9.1066666667
F                                                        652
       -9.1066666667       -6.3746666667       -9.1066666667
F                                                        653
        7.2853333333       -3.6426666667        1.8213333333
F                                                        654
       10.0173333333       -0.9106666667        1.8213333333
F                                                        655
       10.0173333333       -3.6426666667        4.5533333333
F                                                        656
        7.2853333333       -3.6426666667        4.5533333333
F                                                        657
       10.0173333333       -0.9106666667        4.5533333333
F                                                        658
        7.2853333333       -0.9106666667        4.5533333333
F                                                        659
       10.0173333333       -3.6426666667        1.8213333333
F                                                        660
        7.2853333333       -0.9106666667        1.8213333333
F                                                        661
       -3.6426666667       -9.1066666667        1.8213333333
F                                                        662
       -0.9106666667       -6.3746666667        1.8213333333
F                                                        663
       -0.9106666667       -9.1066666667        4.5533333333
F                                                        664
       -3.6426666667       -9.1066666667        4.5533333333
F                                                        665
        7.2853333333       -3.6426666667        7.2853333333
F                                                        666
       10.0173333333       -0.9106666667        7.2853333333
F                                                        667
       10.0173333333       -3.6426666667       10.0173333333
F                                                        668
        7.2853333333       -3.6426666667       10.0173333333
F                                                        669
       10.0173333333       -0.9106666667       10.0173333333
F                                                        670
        7.2853333333       -0.9106666667       10.0173333333
F                                                        671
       10.0173333333       -3.6426666667        7.2853333333
F                                                        672
        7.2853333333       -0.9106666667        7.2853333333
F                                                        673
       -0.9106666667       -6.3746666667        4.5533333333
F                                                        674
       -3.6426666667       -6.3746666667        4.5533333333
F                                                        675
       -0.9106666667       -9.1066666667        1.8213333333
F                                                        676
       -3.6426666667       -6.3746666667        1.8213333333
F                                                        677
        7.2853333333        1.8213333333       -9.1066666667
F                                                        678
       10.0173333333        4.5533333333       -9.1066666667
F                                                        679
       10.0173333333        1.8213333333       -6.3746666667
F                                                        680
        7.2853333333        1.8213333333       -6.3746666667
F                                                        681
       10.0173333333        4.5533333333       -6.3746666667
F                                                        682
        7.2853333333        4.5533333333       -6.3746666667
F                                                        683
       10.0173333333        1.8213333333       -9.1066666667
F                                                        684
        7.2853333333        4.5533333333       -9.1066666667
F                                                        685
       -9.1066666667       -3.6426666667        1.8213333333
F                                                        686
       -6.3746666667       -0.9106666667        1.8213333333
F                                                        687
       -6.3746666667       -3.6426666667        4.5533333333
F                                                        688
       -9.1066666667       -3.6426666667        4.5533333333
F                                                        689
        7.2853333333        1.8213333333       -3.6426666667
F                                                        690
       10.0173333333        4.5533333333       -3.6426666667
F                                                        691
       10.0173333333        1.8213333333       -0.9106666667
F                                                        692
        7.2853333333        1.8213333333       -0.9106666667
F                                                        693
       10.0173333333        4.5533333333       -0.9106666667
F                                                        694
        7.2853333333        4.5533333333       -0.9106666667
F                                                        695
       10.0173333333        1.8213333333       -3.6426666667
F                                                        696
        7.2853333333        4.5533333333       -3.6426666667
F                                                        697
       -3.6426666667       -9.1066666667        7.2853333333
F                                                        698
       -0.9106666667       -6.3746666667        7.2853333333
F                                                        699
       -0.9106666667       -9.1066666667       10.0173333333
F                                                        700
       -3.6426666667       -9.1066666667       10.0173333333
F                                                        701
        7.2853333333        1.8213333333        1.8213333333
F                                                        702
       10.0173333333        4.5533333333        1.8213333333
F                                                        703
       10.0173333333        1.8213333333        4.5533333333
F                                                        704
        7.2853333333        1.8213333333        4.5533333333
F                                                        705
       10.0173333333        4.5533333333        4.5533333333
F                                                        706
        7.2853333333        4.5533333333        4.5533333333
F                                                        707
       10.0173333333        1.8213333333        1.8213333333
F                                                        708
        7.2853333333        4.5533333333        1.8213333333
F                                                        709
       -0.9106666667       -6.3746666667       10.0173333333
F                                                        710
       -3.6426666667       -6.3746666667       10.0173333333
F                                                        711
       -0.9106666667       -9.1066666667        7.2853333333
F                                                        712
       -3.6426666667       -6.3746666667        7.2853333333
F                                                        713
        7.2853333333        1.8213333333        7.2853333333
F                                                        714
       10.0173333333        4.5533333333        7.2853333333
F                                                        715
       10.0173333333        1.8213333333       10.0173333333
F                                                        716
        7.2853333333        1.8213333333       10.0173333333
F                                                        717
       10.0173333333        4.5533333333       10.0173333333
F                                                        718
        7.2853333333        4.5533333333       10.0173333333
F                                                        719
       10.0173333333        1.8213333333        7.2853333333
F                                                        720
        7.2853333333        4.5533333333        7.2853333333
F                                                        721
       -6.3746666667       -0.9106666667        4.5533333333
F                                                        722
       -9.1066666667       -0.9106666667        4.5533333333
F                                                        723
       -6.3746666667       -3.6426666667        1.8213333333
F                                                        724
       -9.1066666667       -0.9106666667        1.8213333333
F                                                        725
        7.2853333333        7.2853333333       -9.1066666667
F                                                        726
       10.0173333333       10.0173333333       -9.1066666667
F                                                        727
       10.0173333333        7.2853333333       -6.3746666667
F                                                        728
        7.2853333333        7.2853333333       -6.3746666667
F                                                        729
       10.0173333333       10.0173333333       -6.3746666667
F                                                        730
        7.2853333333       10.0173333333       -6.3746666667
F                                                        731
       10.0173333333        7.2853333333       -9.1066666667
F                                                        732
        7.2853333333       10.0173333333       -9.1066666667
F                                                        733
       -3.6426666667       -3.6426666667       -9.1066666667
F                                                        734
       -0.9106666667       -0.9106666667       -9.1066666667
F                                                        735
       -0.9106666667       -3.6426666667       -6.3746666667
F                                                        736
       -3.6426666667       -3.6426666667       -6.3746666667
F                                                        737
        7.2853333333        7.2853333333       -3.6426666667
F                                                        738
       10.0173333333       10.0173333333       -3.6426666667
F                                                        739
       10.0173333333        7.2853333333       -0.9106666667
F                                                        740
        7.2853333333        7.2853333333       -0.9106666667
F                                                        741
       10.0173333333       10.0173333333       -0.9106666667
F                                                        742
        7.2853333333       10.0173333333       -0.9106666667
F                                                        743
       10.0173333333        7.2853333333       -3.6426666667
F                                                        744
        7.2853333333       10.0173333333       -3.6426666667
F                                                        745
       -0.9106666667       -0.9106666667       -6.3746666667
F                                                        746
       -3.6426666667       -0.9106666667       -6.3746666667
F                                                        747
       -0.9106666667       -3.6426666667       -9.1066666667
F                                                        748
       -3.6426666667       -0.9106666667       -9.1066666667
F                                                        749
        7.2853333333        7.2853333333        1.8213333333
F                                                        750
       10.0173333333       10.0173333333        1.8213333333
F                                                        751
       10.0173333333        7.2853333333        4.5533333333
F                                                        752
        7.2853333333        7.2853333333        4.5533333333
F                                                        753
       10.0173333333       10.0173333333        4.5533333333
F                                                        754
        7.2853333333       10.0173333333        4.5533333333
F                                                        755
       10.0173333333        7.2853333333        1.8213333333
F                                                        756
        7.2853333333       10.0173333333        1.8213333333
F                                                        757
       -9.1066666667       -9.1066666667        1.8213333333
F                                                        758
       -6.3746666667       -6.3746666667        1.8213333333
F                                                        759
       -6.3746666667       -9.1066666667        4.5533333333
F                                                        760
       -9.1066666667       -9.1066666667        4.5533333333
F                                                        761
        7.2853333333        7.2853333333        7.2853333333
F                                                        762
       10.0173333333       10.0173333333        7.2853333333
F                                                        763
       10.0173333333        7.2853333333       10.0173333333
F                                                        764
        7.2853333333        7.2853333333       10.0173333333
F                                                        765
       10.0173333333       10.0173333333       10.0173333333
F                                                        766
        7.2853333333       10.0173333333       10.0173333333
F                                                        767
       10.0173333333        7.2853333333        7.2853333333
F                                                        768
        7.2853333333       10.0173333333        7.2853333333
