surfa_______________:       0.0000000000     0.0000000000    15.7683000000
         0         3
       15.7683000000        0.0000000000        0.0000000000
        0.0000000000       15.7683000000        0.0000000000
        0.0000000000        0.0000000000       15.7683000000
AR                                                         1
       -6.5701250000       -6.5701250000       -6.5701250000
AR                                                         2
       -6.5701250000       -3.9420750000       -3.9420750000
AR                                                         3
       -3.9420750000       -6.5701250000       -3.9420750000
AR                                                         4
       -3.9420750000       -3.9420750000       -6.5701250000
AR                                                         5
       -6.5701250000       -6.5701250000       -1.3140250000
AR                                                         6
       -6.5701250000       -3.9420750000        1.3140250000
AR                                                         7
       -3.9420750000       -6.5701250000        1.3140250000
AR                                                         8
       -3.9420750000       -3.9420750000       -1.3140250000
AR                                                         9
       -6.5701250000       -6.5701250000        3.9420750000
AR                                                        10
       -6.5701250000       -3.9420750000        6.5701250000
AR                                                        11
       -3.9420750000       -6.5701250000        6.5701250000
AR                                                        12
       -3.9420750000       -3.9420750000        3.9420750000
AR                                                        13
       -6.5701250000       -1.3140250000       -6.5701250000
AR                                                        14
       -6.5701250000        1.3140250000       -3.9420750000
AR                                                        15
       -3.9420750000       -1.3140250000       -3.9420750000
AR                                                        16
       -3.9420750000        1.3140250000       -6.5701250000
AR                                                        17
       -6.5701250000       -1.3140250000       -1.3140250000
AR                                                        18
       -6.5701250000        1.3140250000        1.3140250000
AR                                                        19
       -3.9420750000       -1.3140250000        1.3140250000
AR                                                        20
       -3.9420750000        1.3140250000       -1.3140250000
AR                                                        21
       -6.5701250000       -1.3140250000        3.9420750000
AR                                                        22
       -6.5701250000        1.3140250000        6.5701250000
AR                                                        23
       -3.9420750000       -1.3140250000        6.5701250000
AR                                                        24
       -3.9420750000        1.3140250000        3.9420750000
AR                                                        25
       -6.5701250000        3.9420750000       -6.5701250000
AR                                                        26
       -6.5701250000        6.5701250000       -3.9420750000
AR                                                        27
       -3.9420750000        3.9420750000       -3.9420750000
AR                                                        28
       -3.9420750000        6.5701250000       -6.5701250000
AR                                                        29
       -6.5701250000        3.9420750000       -1.3140250000
AR                                                        30
       -6.5701250000        6.5701250000        1.3140250000
AR                                                        31
       -3.9420750000        3.9420750000        1.3140250000
AR                                                        32
       -3.9420750000        6.5701250000       -1.3140250000
AR                                                        33
       -6.5701250000        3.9420750000        3.9420750000
AR                                                        34
       -6.5701250000        6.5701250000        6.5701250000
AR                                                        35
       -3.9420750000        3.9420750000        6.5701250000
AR                                                        36
       -3.9420750000        6.5701250000        3.9420750000
AR                                                        37
       -1.3140250000       -6.5701250000       -6.5701250000
AR                                                        38
       -1.3140250000       -3.9420750000       -3.9420750000
AR                                                        39
        1.3140250000       -6.5701250000       -3.9420750000
AR                                                        40
        1.3140250000       -3.9420750000       -6.5701250000
AR                                                        41
       -1.3140250000       -6.5701250000       -1.3140250000
AR                                                        42
       -1.3140250000       -3.9420750000        1.3140250000
AR                                                        43
        1.3140250000       -6.5701250000        1.3140250000
AR                                                        44
        1.3140250000       -3.9420750000       -1.3140250000
AR                                                        45
       -1.3140250000       -6.5701250000        3.9420750000
AR                                                        46
       -1.3140250000       -3.9420750000        6.5701250000
AR                                                        47
        1.3140250000       -6.5701250000        6.5701250000
AR                                                        48
        1.3140250000       -3.9420750000        3.9420750000
AR                                                        49
       -1.3140250000       -1.3140250000       -6.5701250000
AR                                                        50
       -1.3140250000        1.3140250000       -3.9420750000
AR                                                        51
        1.3140250000       -1.3140250000       -3.9420750000
AR                                                        52
        1.3140250000        1.3140250000       -6.5701250000
AR                                                        53
       -1.3140250000       -1.3140250000       -1.3140250000
AR                                                        54
       -1.3140250000        1.3140250000        1.3140250000
AR                                                        55
        1.3140250000       -1.3140250000        1.3140250000
AR                                                        56
        1.3140250000        1.3140250000       -1.3140250000
AR                                                        57
       -1.3140250000       -1.3140250000        3.9420750000
AR                                                        58
       -1.3140250000        1.3140250000        6.5701250000
AR                                                        59
        1.3140250000       -1.3140250000        6.5701250000
AR                                                        60
        1.3140250000        1.3140250000        3.9420750000
AR                                                        61
       -1.3140250000        3.9420750000       -6.5701250000
AR                                                        62
       -1.3140250000        6.5701250000       -3.9420750000
AR                                                        63
        1.3140250000        3.9420750000       -3.9420750000
AR                                                        64
        1.3140250000        6.5701250000       -6.5701250000
AR                                                        65
       -1.3140250000        3.9420750000       -1.3140250000
AR                                                        66
       -1.3140250000        6.5701250000        1.3140250000
AR                                                        67
        1.3140250000        3.9420750000        1.3140250000
AR                                                        68
        1.3140250000        6.5701250000       -1.3140250000
AR                                                        69
       -1.3140250000        3.9420750000        3.9420750000
AR                                                        70
       -1.3140250000        6.5701250000        6.5701250000
AR                                                        71
        1.3140250000        3.9420750000        6.5701250000
AR                                                        72
        1.3140250000        6.5701250000        3.9420750000
AR                                                        73
        3.9420750000       -6.5701250000       -6.5701250000
AR                                                        74
        3.9420750000       -3.9420750000       -3.9420750000
AR                                                        75
        6.5701250000       -6.5701250000       -3.9420750000
AR                                                        76
        6.5701250000       -3.9420750000       -6.5701250000
AR                                                        77
        3.9420750000       -6.5701250000       -1.3140250000
AR                                                        78
        3.9420750000       -3.9420750000        1.3140250000
AR                                                        79
        6.5701250000       -6.5701250000        1.3140250000
AR                                                        80
        6.5701250000       -3.9420750000       -1.3140250000
AR                                                        81
        3.9420750000       -6.5701250000        3.9420750000
AR                                                        82
        3.9420750000       -3.9420750000        6.5701250000
AR                                                        83
        6.5701250000       -6.5701250000        6.5701250000
AR                                                        84
        6.5701250000       -3.9420750000        3.9420750000
AR                                                        85
        3.9420750000       -1.3140250000       -6.5701250000
AR                                                        86
        3.9420750000        1.3140250000       -3.9420750000
AR                                                        87
        6.5701250000       -1.3140250000       -3.9420750000
AR                                                        88
        6.5701250000        1.3140250000       -6.5701250000
AR                                                        89
        3.9420750000       -1.3140250000       -1.3140250000
AR                                                        90
        3.9420750000        1.3140250000        1.3140250000
AR                                                        91
        6.5701250000       -1.3140250000        1.3140250000
AR                                                        92
        6.5701250000        1.3140250000       -1.3140250000
AR                                                        93
        3.9420750000       -1.3140250000        3.9420750000
AR                                                        94
        3.9420750000        1.3140250000        6.5701250000
AR                                                        95
        6.5701250000       -1.3140250000        6.5701250000
AR                                                        96
        6.5701250000        1.3140250000        3.9420750000
AR                                                        97
        3.9420750000        3.9420750000       -6.5701250000
AR                                                        98
        3.9420750000        6.5701250000       -3.9420750000
AR                                                        99
        6.5701250000        3.9420750000       -3.9420750000
AR                                                       100
        6.5701250000        6.5701250000       -6.5701250000
AR                                                       101
        3.9420750000        3.9420750000       -1.3140250000
AR                                                       102
        3.9420750000        6.5701250000        1.3140250000
AR                                                       103
        6.5701250000        3.9420750000        1.3140250000
AR                                                       104
        6.5701250000        6.5701250000       -1.3140250000
AR                                                       105
        3.9420750000        3.9420750000        3.9420750000
AR                                                       106
        3.9420750000        6.5701250000        6.5701250000
AR                                                       107
        6.5701250000        3.9420750000        6.5701250000
AR                                                       108
        6.5701250000        6.5701250000        3.9420750000
