surfa_______________:       0.0000000000     0.0000000000    23.5335425716
         0         3
       23.5335425716        0.0000000000        0.0000000000
        0.0000000000       23.5335425716        0.0000000000
        0.0000000000        0.0000000000       23.5335425716
SI                                                         1
      -11.8084943406       -9.9693118697       -7.2843016534
SI                                                         2
      -11.7603760106        9.0999910043       -7.2145244854
SI                                                         3
      -11.8116060906       -9.9331357897        7.5662925556
SI                                                         4
       -7.5189943396       11.3614801923       -9.3988529384
SI                                                         5
      -11.8077941806        9.2691582523        7.5881204986
SI                                                         6
        7.3450494234       11.2571479423       -9.4829691794
SI                                                         7
        7.1968826414      -12.0800842777        9.7420384486
SI                                                         8
       -7.5273215856       11.3085884323        9.6794526346
SI                                                         9
       -9.5267104726       -7.7074224277      -11.5838303394
SI                                                        10
        9.4029263954        6.9778873973       11.8240570706
SI                                                        11
        9.4703343944       -7.7546618477      -11.5490518294
SI                                                        12
       -9.7818765566        6.9820126943       11.8752196506
SI                                                        13
      -11.9142136506        1.7991794513        4.4561723956
SI                                                        14
      -11.7821869206       -2.6114792557        4.5679340456
SI                                                        15
       11.5478889894        1.7798389193       -4.2502449424
SI                                                        16
       -7.5806243366       -0.4073195978        2.1711316896
SI                                                        17
       11.5962927894       -2.6018371697       -4.1940302434
SI                                                        18
        7.2557256714       -0.2911206210        2.3552457686
SI                                                        19
        7.1140144104       -0.1960947645       -2.1631290964
SI                                                        20
       -7.6256875586       -0.2293939715       -2.1833786974
SI                                                        21
       -9.7525967736        4.0765865213        0.1764879322
SI                                                        22
        9.3982242804       -4.6926398967        0.1101256778
SI                                                        23
        9.3431055104        4.0620956353       -0.0116776600
SI                                                        24
       -9.7592906286       -4.6963686867        0.0490392030
SI                                                        25
       -0.2357241205       -9.8596237027        4.5074826706
SI                                                        26
       -0.1218423456        9.2818820133        4.4241569936
SI                                                        27
       -0.1534323471       -9.9381008457       -4.2800602604
SI                                                        28
        4.2096792634      -11.9905566777        2.3363377016
SI                                                        29
       -0.2349691910        9.1015260453       -4.3396958234
SI                                                        30
       -4.6492495766       11.3998085423        2.3805963736
SI                                                        31
       -4.6172163526      -12.0646908977       -2.0651840864
SI                                                        32
        4.1926194614       11.4457899423       -2.0935177684
SI                                                        33
        2.0442900884       -7.6649329557        0.1432116844
SI                                                        34
       -2.4892072676        7.0600592373        0.0116662152
SI                                                        35
       -2.3578514796       -7.7115873637        0.0474615898
SI                                                        36
        2.0231928824        7.0408304373        0.0604580280
SI                                                        37
       -0.0949912097        1.8598332243       -7.1302152914
SI                                                        38
       -0.3042390453       -2.4762788367       -7.3388928864
SI                                                        39
       -0.1934641686        1.7034917613        7.6222446116
SI                                                        40
        4.1909116974       -0.4470806091       -9.4397652974
SI                                                        41
       -0.0043176140       -2.6241257817        7.6112356866
SI                                                        42
       -4.5626080406       -0.3592907565       -9.4805658254
SI                                                        43
       -4.4737648416       -0.3902865464        9.6541350686
SI                                                        44
        4.2078793474       -0.5279276217        9.7367388716
SI                                                        45
        1.9670408774        3.9703204253      -11.5327129694
SI                                                        46
       -2.4193328466       -4.7387071917      -11.5851453394
SI                                                        47
       -2.2669963106        3.9232079853       11.8498019206
SI                                                        48
        2.0195376944       -4.7344755877      -11.6328171894
SI                                                        49
      -11.7840300806       -7.7006452447       -9.3719494974
SI                                                        50
       11.5351159694        7.0540115433       -9.5286228944
SI                                                        51
      -11.7811141906       -7.8064819637        9.7455817856
SI                                                        52
       -9.6405923206       11.2849798523       -7.1496217954
SI                                                        53
       11.5604828094        6.9489192693        9.6362811156
SI                                                        54
        9.4930323514       11.4438478823       -7.3548458104
SI                                                        55
        9.4299787614      -12.0366677477        7.5874413266
SI                                                        56
       -9.6394636746       11.3726293923        7.5079641986
SI                                                        57
       -7.4718806496      -10.0010410737      -11.5472201094
SI                                                        58
        7.2861016834        9.2117563883      -11.6388209094
SI                                                        59
        7.2182628504       -9.9160995067      -11.6199168494
SI                                                        60
       -7.6468711496        9.1606414553       11.8678128606
SI                                                        61
       11.4971168994        3.9689351253        2.2262466896
SI                                                        62
      -11.8690241706       -4.6885043167        2.3621343196
SI                                                        63
       11.5981909794        4.1735375393       -2.1844348804
SI                                                        64
       -9.7426495216       -0.2814824541        4.4349867556
SI                                                        65
       11.6043724694       -4.7938687197       -2.0396233744
SI                                                        66
        9.4501651934       -0.5243821345        4.4720043976
SI                                                        67
        9.3564070434       -0.3485429609       -4.1907546914
SI                                                        68
       -9.8221341576       -0.3705445559       -4.2569681694
SI                                                        69
       -7.5340856176        1.8724001573        0.0653658557
SI                                                        70
        7.1519833324       -2.4520110687       -0.0293728317
SI                                                        71
        7.2364325424        1.8575442433        0.0975766092
SI                                                        72
       -7.6827909726       -2.5009478407       -0.0178338467
SI                                                        73
       -0.1675231570       -7.7399262487        2.2607592516
SI                                                        74
       -0.2522969684        7.0516682583        2.3102635996
SI                                                        75
       -0.0308209410       -7.7723260057       -2.1269697494
SI                                                        76
        2.0265558144      -11.9125711177        4.5145970636
SI                                                        77
       -0.2668072602        6.9547061653       -2.1615837164
SI                                                        78
       -2.4347592326      -12.0725013677        4.4626696226
SI                                                        79
       -2.4973311906      -12.0674198477       -4.2464311654
SI                                                        80
        1.9430446484       11.3865661923       -4.1868604054
SI                                                        81
        4.2334720004       -9.8393121147        0.0561442349
SI                                                        82
       -4.5380596566        9.2965654683        0.0519079031
SI                                                        83
       -4.6271277846       -9.8988979297        0.2120078659
SI                                                        84
        4.1639083554        9.2539973903        0.0910244376
SI                                                        85
       -0.2098215092        4.0159523343       -9.3550006774
SI                                                        86
       -0.1875125200       -4.7848442757       -9.4178280604
SI                                                        87
       -0.1328787372        3.8777342293        9.7260312426
SI                                                        88
        2.0309590054       -0.4039394139       -7.2329155794
SI                                                        89
       -0.0535614191       -4.6750169687        9.7412461476
SI                                                        90
       -2.3580233096       -0.3391631199       -7.4037906394
SI                                                        91
       -2.2838960426       -0.4776000214        7.5360934976
SI                                                        92
        2.0768561654       -0.4308689718        7.5848186266
SI                                                        93
        4.1895226574        1.8105741863       11.7872213306
SI                                                        94
       -4.5185396746       -2.5121772727       11.8660092406
SI                                                        95
       -4.6577937856        1.9031596613       11.7336032706
SI                                                        96
        4.2664106594       -2.6663309827      -11.6157419294
SI                                                        97
        2.0663530604       -0.2553494287        4.5210877436
SI                                                        98
       -2.3054391066       -0.4389791527        4.4900578196
SI                                                        99
       -2.3913979506       -0.4005033130       -4.3402533824
SI                                                       100
        4.1538410874        1.8164130523        0.1032245044
SI                                                       101
        2.0440671734       -0.3710572802       -4.3176806044
SI                                                       102
       -4.5274092326       -2.5415569637        0.0571106801
SI                                                       103
       -4.5337794336        1.8172488773        0.0802313073
SI                                                       104
        4.1599583794       -2.4845084417        0.1410310034
SI                                                       105
       -0.1871726680        4.0048986343        2.3340371406
SI                                                       106
       -0.2722131476       -4.6395352537        2.2352856246
SI                                                       107
       -0.1827856041        3.9780787643       -2.0026552194
SI                                                       108
       -0.1845506199       -4.7394090077       -2.1106992754
SI                                                       109
        2.0916375124       11.3873668323       -7.1725706124
SI                                                       110
       -2.3934081486       11.4062931423       -7.2900407044
SI                                                       111
       -2.3683614096       11.3583726223        7.5073394196
SI                                                       112
        4.2511626894       -9.9862751327      -11.3921789494
SI                                                       113
        2.0467222524      -12.0490504977        7.5064705476
SI                                                       114
       -4.5259221396        9.0848733883      -11.6232658894
SI                                                       115
       -4.4529551356      -10.0644643437       11.8759936006
SI                                                       116
        4.2770572244        9.1839562663       11.8492419206
SI                                                       117
       -0.1038492171       -7.7246962547       -9.3536679984
SI                                                       118
       -0.1543295349        7.0342636353       -9.5408884444
SI                                                       119
       -0.1000007545       -7.7793176667        9.8474298876
SI                                                       120
       -0.0249322108        7.0034496603        9.7248956276
SI                                                       121
       -9.7174338756       -0.3074260084       -7.3326808594
SI                                                       122
        9.4111171504       -0.3600586974       -7.2442656534
SI                                                       123
        9.4834944144       -0.5118716591        7.5536739286
SI                                                       124
       -7.5574721046        1.8480513263       11.8922503806
SI                                                       125
       -9.6606784356       -0.2354854495        7.4978270436
SI                                                       126
        7.3211830614       -2.6281586907      -11.6053058794
SI                                                       127
        7.2233121744        1.8340857753       11.8817557106
SI                                                       128
       -7.5806615546       -2.5019415647       11.8801678606
SI                                                       129
       11.5559443394        3.9696825303       -9.4866085364
SI                                                       130
      -11.7559995306       -4.7564166937       -9.3498065444
SI                                                       131
       11.5066192094        3.9922832503        9.5363832116
SI                                                       132
      -11.8415508506       -4.8661764607        9.7273860746
SI                                                       133
       -9.8436501056       11.3083590223        4.4332006526
SI                                                       134
        9.3540958314       11.4470788623        4.6331937866
SI                                                       135
        9.4104551524       11.4395602223       -4.3374450424
SI                                                       136
       -7.6489024216       -9.9447940387        0.3075137364
SI                                                       137
       -9.7923646946       11.4015926923       -4.2626055674
SI                                                       138
        7.2659827624        9.2667943333       -0.0620438577
SI                                                       139
        7.2534868864       -9.8760354697        0.0599327326
SI                                                       140
       -7.5482585596        9.1960073753       -0.0441954888
SI                                                       141
       11.5190427194       -7.8236880397        2.3523763036
SI                                                       142
       11.4108311094        6.9332643143        2.3556103486
SI                                                       143
       11.5788174194       -7.7491454807       -2.0435343584
SI                                                       144
      -11.7904531706        7.0762033353       -2.0257793774
SI                                                       145
        4.2562528484       -0.3674782943        2.3649263096
SI                                                       146
       -4.5845694816       -0.4323560237        2.2765323776
SI                                                       147
       -4.5368943626       -0.3625497929       -2.1379256794
SI                                                       148
        2.0404892404        4.0615606803        0.1815781630
SI                                                       149
        4.0959639224       -0.2096730650       -2.1558987444
SI                                                       150
       -2.4919574206       -4.7516053927        0.0428989578
SI                                                       151
       -2.3724885656        4.0173149203        0.1695364156
SI                                                       152
        1.8765107784       -4.5988107147        0.0864392073
SI                                                       153
       -0.2173500160        1.8680941823        4.5812095276
SI                                                       154
       -0.1037570624       -2.5306242647        4.4362028256
SI                                                       155
       -0.2611764770        1.7243460103       -4.2786413764
SI                                                       156
       -0.2062097679       -2.6202527147       -4.3159725854
SI                                                       157
        4.3364388514       11.3310758323       -9.2924436004
SI                                                       158
       -4.4340275176       11.3336160723       -9.5408647764
SI                                                       159
       -4.4948030036       11.2953435323        9.6969643276
SI                                                       160
        2.1485612234       -7.7190204777      -11.5090390094
SI                                                       161
        4.1771210614      -12.0666169577        9.7509680046
SI                                                       162
       -2.2820994476        6.9610901883       11.7763066906
SI                                                       163
       -2.3185105366       -7.8784713767      -11.6200357794
SI                                                       164
        2.0848122674        7.0434475003       11.8884934806
SI                                                       165
       -0.1049755474      -10.0521253427       -7.2881290884
SI                                                       166
       -0.1854117100        9.1822034143       -7.2736087564
SI                                                       167
       -0.1829981341       -9.8816694657        7.4708233796
SI                                                       168
       -0.0893957762        9.1565033363        7.5308357766
SI                                                       169
       -7.4674949096       -0.3841672356       -9.4017376004
SI                                                       170
        7.1432399584       -0.4376965664       -9.2989466574
SI                                                       171
        7.3614580784       -0.4397593494        9.7724936376
SI                                                       172
       -9.8496516956        3.9196679703       11.8074844506
SI                                                       173
       -7.5696790446       -0.3762232337        9.7008476466
SI                                                       174
        9.5249630844       -4.8165113637      -11.5202218894
SI                                                       175
        9.3279654914        4.0787666033       11.8576239406
SI                                                       176
       -9.5731374456       -4.7718502927      -11.5491898394
SI                                                       177
       11.6164187494        1.8633081803       -7.3327549264
SI                                                       178
       11.5940878994       -2.5650318117       -7.2362633684
SI                                                       179
       11.6079311594        1.7739489773        7.4584824146
SI                                                       180
      -11.8697474006       -2.5977716407        7.5902791866
SI                                                       181
       -7.6736489826       11.4420146023        2.2518371556
SI                                                       182
        7.3067399174      -12.0792757677        2.2437180816
SI                                                       183
        7.1816946894      -12.0104399777       -2.1988222954
SI                                                       184
       -9.8408927696       -7.8170941347        0.1474767434
SI                                                       185
       -7.7063710866       11.3402619023       -1.9516207194
SI                                                       186
        9.3332806904        7.0515328633        0.0430857297
SI                                                       187
        9.3516670744       -7.7262361647        0.2107410108
SI                                                       188
       -9.7154874546        7.0791202973        0.2363806254
SI                                                       189
       11.5882375194       -9.9474652797        4.5593000956
SI                                                       190
       11.4791176494        9.1244094203        4.5320562626
SI                                                       191
       11.6133852494       -9.8967977657       -4.2498610734
SI                                                       192
       11.6133852494        9.2677409313       -4.2498610734
O                                                        193
       11.4698665394       -9.5344964557       -5.7707735984
O                                                        194
      -11.6527422006        8.7154202423       -5.6741840494
O                                                        195
      -11.8182330006       -9.4586645907        6.1265869766
O                                                        196
       -5.9890240676       11.1866976923       -9.0441706994
O                                                        197
       11.5636536494        8.7702346553        6.1119827046
O                                                        198
        5.8568815264       11.3849924623       -8.8222981284
O                                                        199
        5.6601086534       11.3407015023        9.2478245356
O                                                        200
       -6.0122651716       11.3149715923        9.2632014236
O                                                        201
       -8.9270436396       -6.2455550017      -11.5782408494
O                                                        202
        8.8478488614        5.5532941873      -11.4798991294
O                                                        203
        8.8911128484       -6.3164101797      -11.4927055394
O                                                        204
       -9.4789636666        5.4407180313      -11.5590973394
O                                                        205
       11.4515577494        2.2547982893        5.9581949056
O                                                        206
      -11.7329356306       -3.0470093357        6.0914462486
O                                                        207
       11.6038030594        2.1811623703       -5.7463981634
O                                                        208
       -6.0759581276       -0.3895163680        2.6477438176
O                                                        209
       11.5654207594       -3.0147803357       -5.7748950884
O                                                        210
        5.8009081024       -0.1529322326        2.7889162906
O                                                        211
        5.6162508664       -0.2143210360       -2.5473985554
O                                                        212
       -6.0577310876       -0.2284706269       -2.5369691854
O                                                        213
       -9.2518929716        5.5515555913        0.2771904268
O                                                        214
        8.9876381094       -6.1799342057        0.3570154644
O                                                        215
        8.8806534504        5.5553482203        0.0736383191
O                                                        216
       -9.4357790226       -6.2820026177        0.1680657240
O                                                        217
       -0.2571546363       -9.3223439197        6.0028113836
O                                                        218
       -0.0601693573        8.7624248413        5.9661384216
O                                                        219
       -0.0008272631       -9.5934527097       -5.7799181314
O                                                        220
        5.7316103354      -12.0215431277        2.6192899366
O                                                        221
       -0.3759016906        8.6680665923       -5.8103188844
O                                                        222
       -6.1541134916      -12.0401113177        2.7338621876
O                                                        223
       -6.1359020746       11.3035702223       -2.3820031744
O                                                        224
        5.6697227944      -12.0203114677       -2.5706898934
O                                                        225
        2.1364693664       -6.1534503197        0.2111683334
O                                                        226
       -2.8490014106        5.5191270113        0.1665289696
O                                                        227
       -2.8725823386       -6.2750096657        0.0407854888
O                                                        228
        2.5533564984        5.5814821243        0.1212460904
O                                                        229
       -0.2275684595        2.3658692333       -5.7037202434
O                                                        230
       -0.3924691570       -3.0068126947       -5.8253788284
O                                                        231
       -0.2412957998        2.2628963903        6.0946738946
O                                                        232
        5.6487715424       -0.4315720245       -8.8399090544
O                                                        233
       -0.0441875016       -2.9089833047        5.9934136696
O                                                        234
       -6.0090101006       -0.5260191437       -8.8780359474
O                                                        235
       -6.0328922396       -0.4283617684        9.2749117466
O                                                        236
        5.7613808404       -0.5416227826        9.3570448336
O                                                        237
        2.4434402844        5.5581734913      -11.4164407294
O                                                        238
       -2.7313920936       -6.2590476807      -11.5261522694
O                                                        239
       -2.6492831626        5.4306697293       11.6690495206
O                                                        240
        2.5694342764       -6.2471211377       11.7517453206
O                                                        241
      -11.7290098706       -8.7558866787       -8.1864500464
O                                                        242
       11.5504954594        7.9402923303       -8.2722665424
O                                                        243
      -11.7637343306       -8.7858066527        8.6235913536
O                                                        244
       -8.4833159206       11.4080556523       -8.1845564664
O                                                        245
      -11.9024115606        8.1388841873        8.6065449806
O                                                        246
        8.4050484434       11.3718244423       -8.3620611144
O                                                        247
        8.3165578144       11.3812016223        8.6282008336
O                                                        248
       -8.5154308256      -12.0491153477        8.5156714586
O                                                        249
       -8.4049719606       -8.7440640057      -11.5932013094
O                                                        250
        8.2024311904        8.0016709953       11.6946852906
O                                                        251
        8.4021441894       -8.8535900687      -11.5167900594
O                                                        252
       -8.5716897386        7.9392560753       11.8192712306
O                                                        253
       11.4635701594        2.9394858483        3.4387576786
O                                                        254
      -11.7980149306       -3.8179751977        3.6403607436
O                                                        255
       11.5643344694        3.0347041673       -3.3239920674
O                                                        256
       -8.5664104766       -0.3360572379        3.4103450146
O                                                        257
       11.6023864194       -3.7635670897       -3.2602985624
O                                                        258
        8.2971446014       -0.4681374552        3.4775811506
O                                                        259
        8.0981375944       -0.1926960775       -3.3633893674
O                                                        260
       -8.5381331816       -0.3384293660       -3.3861228664
O                                                        261
       -8.6189367846        3.0191179093        0.1820487393
O                                                        262
        8.2031737684       -3.6549538517        0.0163057867
O                                                        263
        8.1538845514        3.0736939483       -0.0017276286
O                                                        264
       -8.5884892956       -3.7545366267       -0.1878189629
O                                                        265
       -0.2262484254       -8.6843995547        3.5274842796
O                                                        266
       -0.1713669405        8.1366449323        3.4020162006
O                                                        267
       -0.1410588168       -8.6910379497       -3.3364079064
O                                                        268
        3.2588419944      -11.9531896077        3.5210950036
O                                                        269
       -0.2390475808        7.9982323483       -3.2897927844
O                                                        270
       -3.6428241016       11.3184645923        3.4999535316
O                                                        271
       -3.6856912846      -12.0503472577       -3.2757756284
O                                                        272
        3.1878872944       11.3348590223       -3.2778812194
O                                                        273
        3.3907371054       -8.5122211317        0.0720587032
O                                                        274
       -3.6398620316        8.0681192973        0.0280600735
O                                                        275
       -3.5325846066       -8.7929322907        0.1386918512
O                                                        276
        3.2213171424        8.0455410333        0.0905844619
O                                                        277
       -0.3203291900        3.0420529283       -8.1639676784
O                                                        278
       -0.0895438001       -3.6837470257       -8.3400285514
O                                                        279
       -0.0828103420        2.9247213383        8.5381036446
O                                                        280
        3.1640905674       -0.4736650638       -8.2961070484
O                                                        281
       -0.1223642003       -3.8033037327        8.5052517226
O                                                        282
       -3.5185570836       -0.1560606586       -8.3483726294
O                                                        283
       -3.4612695656       -0.6072843438        8.4605495686
O                                                        284
        3.2632639014       -0.3258071141        8.5476256236
O                                                        285
        3.1841617194        3.0152606323      -11.6093771994
O                                                        286
       -3.6602628716       -3.8230659807       11.8710773406
O                                                        287
       -3.5891035476        3.0158002583      -11.6367141594
O                                                        288
        3.2045375064       -3.7949362007      -11.3719698994
O                                                        289
        0.9596667724        0.7367636423       -4.2899392114
O                                                        290
       -1.3939886336       -1.5574270607       -4.0490145644
O                                                        291
       -1.3983236656        0.8757862393        4.2865097376
O                                                        292
       -4.3930427516        0.9066219793        1.3699458676
O                                                        293
        1.0527565834       -1.5239465857        4.2206471296
O                                                        294
        4.0303686634       -1.6629228967        1.4783836456
O                                                        295
        3.8617770344        1.0964018103       -1.2730805384
O                                                        296
       -4.2600302406       -1.5640732737       -1.2067762694
O                                                        297
        0.8636297654       -4.2407806157        1.2131954446
O                                                        298
       -1.4192240766        3.7467677393        1.4428304556
O                                                        299
       -1.4592428246       -4.5273711247       -1.1918129064
O                                                        300
        1.0973719834        3.8958669253       -1.0448694804
O                                                        301
        1.0896796854      -10.8372857877        7.5598337146
O                                                        302
       -1.3456813846       10.0728039723        7.7427425776
O                                                        303
       -1.3469559386      -11.0109528477       -7.4589810614
O                                                        304
       -4.2714819326      -11.0146975177      -10.4459539594
O                                                        305
        1.1496315494       10.0880808623       -7.2045956784
O                                                        306
        4.1752982154       10.1065259323      -10.3093515694
O                                                        307
        4.0580138554      -10.8388213877       10.7930103106
O                                                        308
       -4.2598625106       10.0485367323       10.6678277506
O                                                        309
        1.1091959594        7.3224477973      -10.3958392894
O                                                        310
       -1.3490665876       -8.0297899027      -10.3519190194
O                                                        311
       -1.3056078406        7.3725372733       10.5744269206
O                                                        312
        1.0624012604       -8.0109539177       10.8224612106
O                                                        313
      -10.6108503306        0.9992989063        7.5973621476
O                                                        314
       10.3670175494       -1.7987643117        7.7847228166
O                                                        315
       10.3262108494        0.8927265203       -7.4840831374
O                                                        316
        7.3744036074        0.8801112813      -10.3560698794
O                                                        317
      -10.6376462106       -1.5834715107       -7.4534453334
O                                                        318
       -7.7479360946       -1.4955170637      -10.4642532894
O                                                        319
       -7.8203872456        0.8201546813       10.7273608306
O                                                        320
        7.5447999364       -1.7157572697       10.7086737106
O                                                        321
      -10.5195973606       -4.6180540977      -10.3013509094
O                                                        322
       10.1895748394        3.7891623513      -10.3638768094
O                                                        323
       10.3781906794       -4.6120498717       10.7340264906
O                                                        324
      -10.8128515006        3.7642615133       10.5994118406
O                                                        325
      -10.6151212106      -10.7353249977       -4.1463650184
O                                                        326
       10.3045032994       10.0760688523       -4.2416562954
O                                                        327
       10.3666002594      -10.8987671777        4.5731248336
O                                                        328
        7.4974073754      -10.8097252077        1.3099048886
O                                                        329
      -10.8178468306       10.0918080023        4.2156953046
O                                                        330
       -7.7055692746       10.3283520523        1.1538984766
O                                                        331
       -7.8472203456      -11.0376417077       -0.9571481524
O                                                        332
        7.4103390774       10.2463150923       -1.3364389954
O                                                        333
      -10.7590071206        7.1755823433        1.5391478396
O                                                        334
       10.2833642994       -8.0879314437        1.4828440536
O                                                        335
       10.4129017594        7.2027944843       -1.0579364224
O                                                        336
      -10.7241856106       -8.0915975577       -1.1067163304
O                                                        337
        1.2008664074        0.9378859053       -7.3687429174
O                                                        338
       -1.5387852576       -1.6535730387       -7.7871395634
O                                                        339
       -1.4466280546        0.8339510723        7.8819761506
O                                                        340
       -7.7801095296        0.7528781613        1.1295020596
O                                                        341
        1.2391084084       -1.7229555167        7.8495631716
O                                                        342
        7.3827752794       -1.5288600717        1.3297703746
O                                                        343
        7.3901847944        1.0286701843       -1.2291674244
O                                                        344
       -7.8164643496       -1.4997375887       -1.1895704394
O                                                        345
        1.0802306794       -8.2061034887        1.3622130836
O                                                        346
       -1.4990380706        7.2885136893        1.4057264486
O                                                        347
       -1.3706699606       -7.8874405497       -1.2044946304
O                                                        348
        1.0314264074        7.1744495963       -1.1659993824
O                                                        349
        1.0754898834      -10.6827142077        4.4378477426
O                                                        350
       -1.4803957056       10.1809623923        4.3085300536
O                                                        351
       -1.5329195466      -10.7737423577       -4.0848187594
O                                                        352
       -7.6894701106      -10.8293172977      -10.2613716394
O                                                        353
        1.0848237804       10.0044622923       -4.1825908544
O                                                        354
        7.4467376444        9.9439707823      -10.2834070194
O                                                        355
        7.2892825194      -10.7736860477       10.5476993606
O                                                        356
       -7.7850800526        9.8951810623       10.4809093006
O                                                        357
        1.0370088114        3.8403617803      -10.3570373494
O                                                        358
       -1.4658757906       -4.4676007537      -10.3284060694
O                                                        359
       -1.3820259356        3.5289322013       10.6154012706
O                                                        360
        1.2301325314       -4.3475909237       10.6432092506
O                                                        361
      -10.5997245106        1.0414794013        4.2630918316
O                                                        362
       10.3146800194       -1.8849832097        4.3392417546
O                                                        363
       10.2961128794        0.8730561773       -3.9683761014
O                                                        364
        4.0619474384        0.8658235613      -10.3392787194
O                                                        365
      -10.6641977106       -1.6712169647       -3.9525856544
O                                                        366
       -4.1968507456       -1.6248602777      -10.3575082994
O                                                        367
       -4.3032992986        0.9538546603       10.4785871906
O                                                        368
        4.0462346834       -1.8118650077       10.6389574806
O                                                        369
      -10.4675407806       -7.7747364427      -10.3117252894
O                                                        370
       10.3019128194        7.2749197053      -10.4935104294
O                                                        371
       10.3459813294       -8.0096465777       10.6032552206
O                                                        372
      -10.7019800706        7.1104390463       10.5701243306
O                                                        373
      -10.5729193406      -10.9108602077       -7.3763660794
O                                                        374
       10.4961639094       10.1412219123       -7.2775668054
O                                                        375
       10.3384482394      -10.7927065577        7.7631760716
O                                                        376
        3.9779974224      -10.7183192877        1.3434173886
O                                                        377
      -10.6046139606       10.1802249723        7.8623945516
O                                                        378
       -4.4513558466       10.1463843823        1.3690112946
O                                                        379
       -4.5425926706      -10.7235492277       -1.1398500414
O                                                        380
        3.9653838704       10.1068659423       -1.1814735864
O                                                        381
      -10.6498061306        3.8243998453        1.4665059656
O                                                        382
       10.3675578094       -4.3702863367        1.4675236396
O                                                        383
       10.2691677494        3.9919441733       -1.2899673094
O                                                        384
      -10.8073437806       -4.5514047597       -1.0943545364
O                                                        385
        2.5043434914       -0.4167045710        6.0698477776
O                                                        386
       -2.6942486416       -0.3521232398        5.9761465906
O                                                        387
       -2.7176159816       -0.4732153441       -5.8690204284
O                                                        388
        5.7047617284        2.2012805733        0.1674127959
O                                                        389
        2.5959329164       -0.4483195491       -5.7817626924
O                                                        390
       -6.0699155186       -2.8895383227       -0.0690634417
O                                                        391
       -6.0886215376        2.2402916073        0.0404031208
O                                                        392
        5.6238123834       -2.9970214937       -0.0093320321
O                                                        393
       -0.3104128910        5.5576945593        2.8365932566
O                                                        394
       -0.0778607724       -6.2004394347        2.5477394156
O                                                        395
       -0.1815173976        5.4633038023       -2.5477999264
O                                                        396
       -0.0710640575       -6.2270071257       -2.5526013224
O                                                        397
        2.4103057064      -11.9520264777       -5.6192116314
O                                                        398
       -2.8659479236      -12.0743505177       -5.7865921714
O                                                        399
       -2.7793541056       11.3266843523        5.9722656876
O                                                        400
        5.7187141504       -9.4761675477      -11.4335564694
O                                                        401
        2.5174140614       11.4244315723        5.9716849986
O                                                        402
       -6.0676860956        8.7374379903      -11.5652827594
O                                                        403
       -5.9568471166       -9.6647922327       11.8061112506
O                                                        404
        5.7387113834        8.6862659563       11.7295573706
O                                                        405
       -0.1998210308       -6.2222984337       -8.8211995014
O                                                        406
       -0.1003447927        5.5439308643       -9.0636781534
O                                                        407
       -0.0449303337       -6.2404435757        9.4199844726
O                                                        408
       -0.1911196281        5.4476236743        9.3679918846
O                                                        409
       -9.3758191626       -0.2292175632       -5.7857988084
O                                                        410
        9.0593878664       -0.3956498660       -5.7403696384
O                                                        411
        9.1076090924       -0.5322797126        6.0170442956
O                                                        412
       -6.0997080096        2.4145029233       11.5359008106
O                                                        413
       -9.2699142516       -0.3190021066        5.9064690836
O                                                        414
        5.7551816574       -3.1230022487       11.8446152406
O                                                        415
        5.6735322074        2.2992298853       11.7823320106
O                                                        416
       -6.0697364726       -2.9128118637      -11.6081915794
O                                                        417
       11.5837463994        5.5172403753       -9.1618211414
O                                                        418
      -11.8085686306       -6.2314833567       -8.8399590234
O                                                        419
      -11.8729262406        5.4242854473        9.0292873876
O                                                        420
      -11.8018040206       -6.2805885537        9.1702501266
O                                                        421
       -9.3357432596       11.2679416723        5.9207270906
O                                                        422
        8.8236696384       11.4316167723        6.1586875096
O                                                        423
        8.9912215214      -11.9455258677       -5.8732294524
O                                                        424
       -6.1354490526       -9.4947876427        0.2912289825
O                                                        425
       -9.2042258716       11.2510647323       -5.6999567214
O                                                        426
        5.7707370524        8.8424220853        0.0124426094
O                                                        427
        5.7232612254       -9.6516921937       -0.0995802411
O                                                        428
       -6.0346239546        8.7960783663       -0.0104846057
O                                                        429
       11.5322656494       -6.2522909667        2.6934599736
O                                                        430
       11.2898579794        5.4317817533        2.7478266006
O                                                        431
      -11.9143003206       -6.2548728017       -2.5983169174
O                                                        432
      -11.8192880006        5.6828681923       -2.6630086894
O                                                        433
        3.2457463704       -0.3556864853        3.4967079646
O                                                        434
       -3.5348528596       -0.3512048317        3.4575070296
O                                                        435
       -3.6310575266       -0.4064668315       -3.3865416824
O                                                        436
        3.1701194404        3.0498048143        0.2398576759
O                                                        437
        3.1212239274       -0.3343289804       -3.2865838044
O                                                        438
       -3.6342675026       -3.7083541177       -0.1034858075
O                                                        439
       -3.5840841806        3.0956988603        0.2088521703
O                                                        440
        3.1049689304       -3.6630039357        0.1369037973
O                                                        441
       -0.2002218723        3.0570489443        3.6400538516
O                                                        442
       -0.1784471254       -3.7617470607        3.4783253956
O                                                        443
       -0.0949808010        2.8433245513       -3.1313130154
O                                                        444
       -0.2618716207       -3.7942112957       -3.3349429144
O                                                        445
        3.3454898024       11.2443296223       -8.0784026334
O                                                        446
       -3.5440853476       11.4447570623       -8.2633008204
O                                                        447
       -3.5019233176       11.2197382023        8.5256450506
O                                                        448
        3.2737016414       -8.8439265087      -11.3856684894
O                                                        449
        3.2100830364      -11.9619974377        8.5785400246
O                                                        450
       -3.5628144786        7.8244209443       11.8621315006
O                                                        451
       -3.5298160796       -8.8271141667      -11.5855895894
O                                                        452
        3.2822282084        8.0054653283       11.8531050806
O                                                        453
       -0.1347592366       -8.8139737737       -8.2166180394
O                                                        454
       -0.1712112109        8.0815095973       -8.3950625404
O                                                        455
       -0.0141341368       -8.7314436017        8.6447955306
O                                                        456
        0.0779424558        7.9121498093        8.4329324676
O                                                        457
       -8.5408962676       -0.3819546723       -8.2536963054
O                                                        458
        8.1741517354       -0.4395266174       -8.1855038644
O                                                        459
        8.3346477054       -0.3573163587        8.5633738706
O                                                        460
       -8.6424879646        2.9912606623      -11.6055743094
O                                                        461
       -8.4737891406       -0.1311417743        8.4942831386
O                                                        462
        8.3840294784       -3.8300924687      -11.5191300894
O                                                        463
        8.1475019384        3.0239610823       11.7543453706
O                                                        464
       -8.4613556686       -3.7410658407      -11.4991299294
O                                                        465
       11.4327310094        3.1309418973       -8.1676624254
O                                                        466
      -11.7658323406       -3.7309951197       -8.1915745044
O                                                        467
       11.5053995694        2.9692059763        8.4017868786
O                                                        468
      -11.7637121506       -3.7274342807        8.6804893766
O                                                        469
       -8.6794299646       11.2619539023        3.4025564396
O                                                        470
        8.2410386174      -12.0745971977        3.5258002116
O                                                        471
        8.1623190094       11.4410982423       -3.4342354624
O                                                        472
       -8.5668917536       -8.7342998887        0.0780269141
O                                                        473
       -8.6798654176      -12.0712892977       -3.1834872934
O                                                        474
        8.2061405034        7.9981190813       -0.0844494805
O                                                        475
        8.0495259074       -8.5151444847        0.1328854860
O                                                        476
       -8.5482022666        8.0709820813        0.2681693465
O                                                        477
       11.4971753894       -8.7418841727        3.6047710016
O                                                        478
       11.4467214094        7.8736832223        3.6164783986
O                                                        479
       11.5454212794       -8.7182377387       -3.2294302664
O                                                        480
      -11.8304467106        8.0682320473       -3.1902254634
O                                                        481
      -10.5410859306      -10.8890332577        7.7027188526
O                                                        482
       10.4476152094       10.2792625223        7.8566785406
O                                                        483
       10.4954388794      -10.8813469277       -7.6550042624
O                                                        484
        7.4829938074      -11.1087783477      -10.5634571094
O                                                        485
      -10.5464712806        9.9770299123       -7.4574037334
O                                                        486
       -7.7709137796       10.1021834723      -10.4271360794
O                                                        487
       -7.7021850436      -11.0502106177       10.7740542106
O                                                        488
        7.4258839874       10.2779948823       10.7378652906
O                                                        489
      -10.6781154406        7.2648172343      -10.4060110694
O                                                        490
       10.5817199994       -7.8618100057      -10.3911239594
O                                                        491
       10.2962501094        7.0135652373       10.5973220506
O                                                        492
      -10.5629344706       -7.8596566567       10.7366951906
O                                                        493
      -10.7800090106        0.8335644743       -3.9335733644
O                                                        494
       10.2712954494       -1.6505927237       -3.9961763034
O                                                        495
       10.3977985494        0.6205226653        4.2179222226
O                                                        496
        7.5889751424        0.9709033423        1.3985299156
O                                                        497
      -10.6626401706       -1.5784324157        4.3083790736
O                                                        498
       -7.8391667306       -1.7475649807        1.3013573446
O                                                        499
       -7.9017229496        1.1042894373       -1.3742589834
O                                                        500
        7.4213892384       -1.4564197877       -1.2100294104
O                                                        501
      -10.6380096206       -4.4153577027        1.3485233046
O                                                        502
       10.3075725394        3.7460492313        1.2249520456
O                                                        503
       10.3236783494       -4.6429094767       -1.1322655704
O                                                        504
      -10.7080063306        3.9469772293       -1.1326735014
O                                                        505
        0.9154822124      -11.0049885277       -3.8898852494
O                                                        506
       -1.5685260686       10.0875150923       -4.0904615224
O                                                        507
       -1.5344684836      -10.8051163177        4.3071286926
O                                                        508
       -4.3055177126      -10.8804227177        1.3721885316
O                                                        509
        1.0016614304       10.3679853723        4.2180761796
O                                                        510
        3.9692725174       10.2080862523        1.3975408636
O                                                        511
        3.8431983874      -10.8347090677       -1.2070862554
O                                                        512
       -4.1915317286       10.2284256323       -1.1549348594
O                                                        513
        1.0817272744        7.2720028873        1.3243176666
O                                                        514
       -1.4395475886       -7.9301725027        1.3851217156
O                                                        515
       -1.4845319166        7.2044701393       -1.1654734184
O                                                        516
        1.2277953094       -8.0390099157       -1.1845581094
O                                                        517
        1.0762064164        0.8307868103        7.8209112946
O                                                        518
       -1.2869356976       -1.6841128607        7.7649647366
O                                                        519
       -1.2936173076        0.8091527283       -7.3984560874
O                                                        520
       -4.5420202666        0.8690913943      -10.5482881694
O                                                        521
        0.9981603204       -1.5969659877       -7.3758858424
O                                                        522
        4.1757804774       -1.7081862097      -10.3591392194
O                                                        523
        3.9182520074        0.7723221593       10.6424283406
O                                                        524
       -4.3340577996       -1.5468684967       10.7436079706
O                                                        525
        1.0854767624       -4.7368705697      -10.3311873494
O                                                        526
       -1.4060544526        3.8542458223      -10.3659261194
O                                                        527
       -1.4168867066       -4.5224775917       10.7122991506
O                                                        528
        1.1142470854        3.7929698683       10.6599638206
O                                                        529
      -10.6771607506      -10.8675562277        4.2932456116
O                                                        530
       10.1410387994       10.0890273123        4.4679265666
O                                                        531
       10.3360655894      -10.8769113977       -3.9789011864
O                                                        532
        4.2073469964      -10.9391165077      -10.1305034794
O                                                        533
      -10.7833140206       10.2933938323       -3.9393730294
O                                                        534
       -4.1795452606        9.9956527823      -10.3929282694
O                                                        535
       -4.2246387056      -10.9464325277       10.5660238706
O                                                        536
        3.8965370704       10.1611444523       10.6882453206
O                                                        537
      -10.8283059306        3.5963791473      -10.4670903894
O                                                        538
       10.5032555394       -4.6081337137      -10.3259774894
O                                                        539
       10.2483491794        3.9277953103       10.5449635206
O                                                        540
      -10.4911267306       -4.6840926627       10.6850309206
O                                                        541
      -10.6014946506        1.0131608643       -7.6074019914
O                                                        542
       10.3366148594       -1.6267833017       -7.5524624554
O                                                        543
       10.4600528894        0.7134370543        7.6960326276
O                                                        544
        3.8950414554        0.8147291213        1.2945898856
O                                                        545
      -10.5491128706       -1.5922242957        7.7756130176
O                                                        546
       -4.3114905576       -1.6961152737        1.4096618326
O                                                        547
       -4.2901219796        0.9624313663       -1.2132314334
O                                                        548
        3.9627234804       -1.4810134127       -1.1888457764
O                                                        549
      -10.7372928106       -8.1391985107        1.4269022756
O                                                        550
       10.1529457794        7.2536191893        1.3862063356
O                                                        551
       10.2730730494       -7.8600943217       -1.1065296164
O                                                        552
      -10.5780844806        7.2787205363       -1.0595604604
O                                                        553
        1.1676828614      -10.9315855077       -7.6073466394
O                                                        554
       -1.4796979336       10.1073218523       -7.5838480554
O                                                        555
       -1.5287523296      -10.8081354177        7.7358883526
O                                                        556
       -8.0205088736      -10.7587641177        1.5357391146
O                                                        557
        1.1944817254       10.1361991023        7.7188368826
O                                                        558
        7.5659341034       10.1972947123        1.2173183186
O                                                        559
        7.5913880064      -10.7687152677       -1.2514393434
O                                                        560
       -7.8781076266        9.9465607123       -1.3350143864
O                                                        561
        1.1910762244        3.9184541453        1.5139918536
O                                                        562
       -1.6709138486       -4.4584669377        1.3772404996
O                                                        563
       -1.4132357476        3.7327959853       -1.1195257184
O                                                        564
        1.1121849314       -4.3693082537       -1.2711862114
O                                                        565
        1.1873400454        1.0251334113        4.3766039496
O                                                        566
       -1.4513260976       -1.7807844137        4.2956380426
O                                                        567
       -1.6386254126        0.9894805203       -4.1001165864
O                                                        568
       -7.5589616766        0.9792489303      -10.3408289094
O                                                        569
        1.1499122914       -1.7442556887       -4.2053906494
O                                                        570
        7.3293050924       -1.6939647717      -10.2962371994
O                                                        571
        7.4685554674        0.7849347313       10.6902368806
O                                                        572
       -7.8832499616       -1.7413996567       10.5267993706
O                                                        573
        1.1924366014       -7.7759792567      -10.2777146194
O                                                        574
       -1.4635432436        7.1983366513      -10.4276371494
O                                                        575
       -1.4259754406       -8.0681113317       10.6328051306
O                                                        576
        1.1859845014        7.1532410683       10.5897386906
